# Cosmic Time [Gyr]	  SFR [M_sol yr**-1]
1.540000000000000036e+00 0.000000000000000000e+00
2.160000000000000142e+00 6.560773246292589400e-03
3.279999999999999805e+00 0.000000000000000000e+00
3.450000000000000178e+00 0.000000000000000000e+00
4.280000000000000249e+00 0.000000000000000000e+00
4.309999999999999609e+00 0.000000000000000000e+00
4.740000000000000213e+00 0.000000000000000000e+00
5.860000000000000320e+00 0.000000000000000000e+00
6.900000000000000355e+00 0.000000000000000000e+00
7.030000000000000249e+00 0.000000000000000000e+00
8.189999999999999503e+00 0.000000000000000000e+00
9.060000000000000497e+00 0.000000000000000000e+00
9.490000000000000213e+00 0.000000000000000000e+00
9.919999999999999929e+00 0.000000000000000000e+00
1.034999999999999964e+01 0.000000000000000000e+00
1.075999999999999979e+01 1.605053210566170785e-01
1.077999999999999936e+01 0.000000000000000000e+00
1.121000000000000085e+01 0.000000000000000000e+00
1.164000000000000057e+01 0.000000000000000000e+00
1.208000000000000007e+01 0.000000000000000000e+00
1.215000000000000036e+01 0.000000000000000000e+00
1.250999999999999979e+01 0.000000000000000000e+00
1.293999999999999950e+01 0.000000000000000000e+00
1.336999999999999922e+01 0.000000000000000000e+00
1.380000000000000071e+01 0.000000000000000000e+00
