# Cosmic Time [Gyr]	  SFR [M_sol yr**-1]
6.300000000000000044e-01 0.000000000000000000e+00
7.600000000000000089e-01 0.000000000000000000e+00
9.300000000000000488e-01 4.107526222364016322e-11
1.169999999999999929e+00 3.991921620734653620e-10
1.290000000000000036e+00 5.368319554361084683e-04
1.540000000000000036e+00 7.702322910333944672e-09
1.719999999999999973e+00 1.018780984570963333e-02
2.160000000000000142e+00 7.921990397658992822e-08
2.359999999999999876e+00 2.196286482178154073e-02
2.589999999999999858e+00 7.219574315916682007e-03
2.919999999999999929e+00 1.248457921060970588e-02
3.020000000000000018e+00 9.165111653413299253e-03
3.279999999999999805e+00 2.325822895957391570e-07
3.450000000000000178e+00 2.376240725211363398e-07
3.729999999999999982e+00 1.477110736047952330e-02
3.879999999999999893e+00 9.001921485316886906e-03
4.280000000000000249e+00 2.863859060271353729e-07
4.309999999999999609e+00 2.897494849222548643e-07
4.740000000000000213e+00 3.036522279253145951e-07
5.179999999999999716e+00 4.813030243171851838e-03
5.860000000000000320e+00 3.343834091779421258e-07
6.469999999999999751e+00 1.253245586578794445e-02
6.900000000000000355e+00 4.072155718339410908e-07
7.030000000000000249e+00 4.113493905390360958e-07
7.330000000000000071e+00 2.812000100145276363e-02
7.759999999999999787e+00 1.341689900871970847e-02
8.189999999999999503e+00 4.868124027290277392e-07
8.599999999999999645e+00 1.589033794311440519e-03
9.060000000000000497e+00 4.995163718665403610e-07
9.490000000000000213e+00 5.024145761884725465e-07
9.919999999999999929e+00 5.041183021535761509e-07
1.034999999999999964e+01 5.061722895428194535e-07
1.075999999999999979e+01 5.110460882463063390e-07
1.077999999999999936e+01 5.116203575188495514e-07
1.121000000000000085e+01 5.175244289129564759e-07
1.164000000000000057e+01 5.236835043598763936e-07
1.208000000000000007e+01 5.303003736953143185e-07
1.215000000000000036e+01 5.321515286505493561e-07
1.250999999999999979e+01 5.302382667703511854e-07
1.293999999999999950e+01 5.289720458775655845e-07
1.336999999999999922e+01 5.286101577485101052e-07
1.380000000000000071e+01 5.353811679827152241e-04
