# Cosmic Time [Gyr]	  SFR [M_sol yr**-1]
1.540000000000000036e+00 8.742075873152764132e+00
2.160000000000000142e+00 2.035226630238071266e+00
3.279999999999999805e+00 9.856315698504591882e-01
3.450000000000000178e+00 2.637138012573803536e+00
4.280000000000000249e+00 1.082539028741686593e+02
4.309999999999999609e+00 7.540354563071067773e-01
4.740000000000000213e+00 9.397197662489205072e+00
5.860000000000000320e+00 0.000000000000000000e+00
6.900000000000000355e+00 1.742856010336288364e+01
7.030000000000000249e+00 1.734085677514759283e+01
8.189999999999999503e+00 0.000000000000000000e+00
9.060000000000000497e+00 6.167957583482625017e-03
9.490000000000000213e+00 6.167892802402819008e-03
9.919999999999999929e+00 0.000000000000000000e+00
1.034999999999999964e+01 6.167780045376880516e-03
1.075999999999999979e+01 6.298774235481350292e-01
1.077999999999999936e+01 1.234132127004780588e-02
1.121000000000000085e+01 3.064621275391914423e-01
1.164000000000000057e+01 4.952662932544703578e-01
1.208000000000000007e+01 0.000000000000000000e+00
1.215000000000000036e+01 6.706262070188887536e-01
1.250999999999999979e+01 0.000000000000000000e+00
1.293999999999999950e+01 0.000000000000000000e+00
1.336999999999999922e+01 0.000000000000000000e+00
1.380000000000000071e+01 0.000000000000000000e+00
