# Cosmic Time [Gyr]	  SFR [M_sol yr**-1]
6.300000000000000044e-01 0.000000000000000000e+00
7.600000000000000089e-01 0.000000000000000000e+00
9.300000000000000488e-01 0.000000000000000000e+00
1.169999999999999929e+00 0.000000000000000000e+00
1.290000000000000036e+00 0.000000000000000000e+00
1.540000000000000036e+00 0.000000000000000000e+00
1.719999999999999973e+00 1.361862514890352718e-04
2.160000000000000142e+00 8.333647086213730182e-10
2.359999999999999876e+00 1.406770250418444882e-04
2.589999999999999858e+00 6.296941911047921258e-04
2.919999999999999929e+00 2.763924807333290458e-04
3.020000000000000018e+00 1.980346828492698941e-04
3.279999999999999805e+00 1.929182432292703142e-09
3.450000000000000178e+00 2.084717275652354929e-09
3.729999999999999982e+00 3.919706190307374258e-04
3.879999999999999893e+00 4.716337987862644033e-04
4.280000000000000249e+00 3.348494094848608604e-09
4.309999999999999609e+00 3.332882366900886548e-09
4.740000000000000213e+00 4.207591802643344259e-09
5.179999999999999716e+00 2.009006468159851627e-04
5.860000000000000320e+00 5.642693872375502406e-09
6.469999999999999751e+00 0.000000000000000000e+00
6.900000000000000355e+00 6.935194367570229890e-09
7.030000000000000249e+00 7.058586476275421345e-09
7.330000000000000071e+00 8.966735536428266373e-04
7.759999999999999787e+00 7.466742252109082045e-04
8.189999999999999503e+00 1.055861216872362035e-08
8.599999999999999645e+00 5.799375217991555205e-04
9.060000000000000497e+00 1.273182784243889588e-08
9.490000000000000213e+00 1.370752977542400580e-08
9.919999999999999929e+00 1.361042339215971257e-08
1.034999999999999964e+01 1.343221447697856563e-08
1.075999999999999979e+01 1.336304657423639631e-08
1.077999999999999936e+01 1.335950142828876307e-08
1.121000000000000085e+01 1.327880500055864639e-08
1.164000000000000057e+01 1.321330100998059808e-08
1.208000000000000007e+01 1.312831606934631605e-08
1.215000000000000036e+01 1.311988757652510218e-08
1.250999999999999979e+01 1.308255742507678259e-08
1.293999999999999950e+01 1.301281124142187633e-08
1.336999999999999922e+01 1.298125559953331064e-08
1.380000000000000071e+01 0.000000000000000000e+00
