# Cosmic Time [Gyr]	  SFR [M_sol yr**-1]
1.540000000000000036e+00 3.022547618685951676e+01
2.160000000000000142e+00 4.048771672717248293e+01
3.279999999999999805e+00 9.919179159604630058e+01
3.450000000000000178e+00 1.010508061659331531e+02
4.280000000000000249e+00 4.119293830546393309e+01
4.309999999999999609e+00 4.134180273888520674e+01
4.740000000000000213e+00 3.492024746730611184e+01
5.860000000000000320e+00 2.953739052094028850e+01
6.900000000000000355e+00 9.960141312517940548e+00
7.030000000000000249e+00 1.245225825853872159e+01
8.189999999999999503e+00 1.112360008357488184e+01
9.060000000000000497e+00 5.661432622618839616e+00
9.490000000000000213e+00 5.883667529690741915e+00
9.919999999999999929e+00 2.915297464615692036e+01
1.034999999999999964e+01 1.492780887156443015e+01
1.075999999999999979e+01 1.386862803526463139e+01
1.077999999999999936e+01 1.387367108023930484e+01
1.121000000000000085e+01 0.000000000000000000e+00
1.164000000000000057e+01 1.439454879945123622e+01
1.208000000000000007e+01 6.553926422267963403e+01
1.215000000000000036e+01 6.554531972762694636e+01
1.250999999999999979e+01 2.467606772670223769e+00
1.293999999999999950e+01 0.000000000000000000e+00
1.336999999999999922e+01 2.557371066758302725e+00
1.380000000000000071e+01 1.556216819172318719e+04
