# Cosmic Time [Gyr]	  SFR [M_sol yr**-1]
1.540000000000000036e+00 8.521677785622816970e+00
2.160000000000000142e+00 1.971310757074287423e+01
3.279999999999999805e+00 1.313330753286053110e+01
3.450000000000000178e+00 1.227323002885201353e+00
4.280000000000000249e+00 2.124236263777688816e+00
4.309999999999999609e+00 0.000000000000000000e+00
4.740000000000000213e+00 6.607565092948616936e+00
5.860000000000000320e+00 1.867106994458012759e+00
6.900000000000000355e+00 2.259097513278383040e+00
7.030000000000000249e+00 2.240586060870547236e+00
8.189999999999999503e+00 2.289135759745396292e+00
9.060000000000000497e+00 0.000000000000000000e+00
9.490000000000000213e+00 0.000000000000000000e+00
9.919999999999999929e+00 2.322184183226744025e+00
1.034999999999999964e+01 1.686952864454315471e+00
1.075999999999999979e+01 0.000000000000000000e+00
1.077999999999999936e+01 4.209959315296281090e-01
1.121000000000000085e+01 0.000000000000000000e+00
1.164000000000000057e+01 0.000000000000000000e+00
1.208000000000000007e+01 2.331050523234849070e+00
1.215000000000000036e+01 2.315779656252882346e-01
1.250999999999999979e+01 0.000000000000000000e+00
1.293999999999999950e+01 8.637996905757304944e+00
1.336999999999999922e+01 0.000000000000000000e+00
1.380000000000000071e+01 6.737597201286537711e+03
