# Cosmic Time [Gyr]	  SFR [M_sol yr**-1]
6.300000000000000044e-01 2.853102175630513740e-09
7.600000000000000089e-01 6.194070731042715383e-09
9.300000000000000488e-01 1.500550012478903459e-08
1.169999999999999929e+00 3.571565020999996311e-08
1.290000000000000036e+00 2.193902432929208460e-02
1.540000000000000036e+00 8.005807474473301127e-08
1.719999999999999973e+00 5.575663000844359972e-03
2.160000000000000142e+00 1.124544738524604209e-07
2.359999999999999876e+00 9.578078988723934609e-03
2.589999999999999858e+00 1.159110433798788385e-02
2.919999999999999929e+00 9.828698556730978454e-04
3.020000000000000018e+00 3.587838475936058064e-02
3.279999999999999805e+00 1.960492103538326661e-07
3.450000000000000178e+00 1.925702364333637534e-07
3.729999999999999982e+00 5.256675859345881496e-03
3.879999999999999893e+00 8.535588427634034723e-04
4.280000000000000249e+00 2.018032074156380419e-07
4.309999999999999609e+00 2.027116878733836113e-07
4.740000000000000213e+00 2.118315783471591980e-07
5.179999999999999716e+00 4.930494802802656493e-03
5.860000000000000320e+00 2.173607689507934398e-07
6.469999999999999751e+00 0.000000000000000000e+00
6.900000000000000355e+00 2.153245800873325802e-07
7.030000000000000249e+00 2.149405089758296612e-07
7.330000000000000071e+00 0.000000000000000000e+00
7.759999999999999787e+00 0.000000000000000000e+00
8.189999999999999503e+00 2.125469973526632195e-07
8.599999999999999645e+00 0.000000000000000000e+00
9.060000000000000497e+00 2.114929197673557845e-07
9.490000000000000213e+00 2.111416053877501059e-07
9.919999999999999929e+00 2.108994205131647232e-07
1.034999999999999964e+01 2.106605568534102718e-07
1.075999999999999979e+01 2.104043930159808437e-07
1.077999999999999936e+01 2.103996811492333738e-07
1.121000000000000085e+01 2.101152996763274577e-07
1.164000000000000057e+01 2.093735354172622867e-07
1.208000000000000007e+01 2.086236252518301666e-07
1.215000000000000036e+01 2.084027743778915378e-07
1.250999999999999979e+01 2.063782946105799723e-07
1.293999999999999950e+01 2.015195664175793364e-07
1.336999999999999922e+01 1.949056455536864267e-07
1.380000000000000071e+01 0.000000000000000000e+00
