# Cosmic Time [Gyr]	  SFR [M_sol yr**-1]
4.699999999999999734e-01 4.367397285834351273e-02
6.300000000000000044e-01 3.702588060911123247e+00
6.500000000000000222e-01 2.908420880976154699e-01
7.600000000000000089e-01 9.027848672620020221e-02
9.300000000000000488e-01 6.144201383025300611e-01
9.699999999999999734e-01 1.464787298345506805e+00
1.169999999999999929e+00 2.848348744908559382e+00
1.290000000000000036e+00 1.849533866446658070e+00
1.540000000000000036e+00 1.696226139690122592e+00
1.620000000000000107e+00 6.142013070560038202e+00
1.939999999999999947e+00 6.426101675522516432e-01
2.149999999999999911e+00 8.599507073775956023e-01
2.259999999999999787e+00 9.486012154816606534e-01
2.589999999999999858e+00 2.689501121539827011e+00
2.609999999999999876e+00 0.000000000000000000e+00
2.910000000000000142e+00 3.776634002544080104e+00
3.229999999999999982e+00 5.941099008425783090e+00
3.279999999999999805e+00 2.778076261600922692e+00
3.560000000000000053e+00 3.170525712629935100e+00
3.729999999999999982e+00 3.333098757391482536e+00
3.879999999999999893e+00 3.775796616827757024e+00
4.200000000000000178e+00 3.775638310842248657e+00
4.280000000000000249e+00 3.775603819931687255e+00
4.530000000000000249e+00 3.775551997507297308e+00
4.849999999999999645e+00 3.873138382281052228e-01
5.179999999999999716e+00 3.823039060346124174e+00
5.500000000000000000e+00 3.835792973939759598e+00
5.820000000000000284e+00 3.882558787546372958e+00
5.860000000000000320e+00 3.881801475310448168e+00
6.150000000000000355e+00 1.002341207267682499e+00
6.469999999999999751e+00 1.079605919094596356e+00
6.790000000000000036e+00 1.181813448643785680e+00
7.030000000000000249e+00 1.214085755757779328e+00
7.120000000000000107e+00 4.864211393699677810e-01
7.440000000000000391e+00 0.000000000000000000e+00
7.759999999999999787e+00 0.000000000000000000e+00
8.089999999999999858e+00 3.028453771666915095e+00
8.410000000000000142e+00 1.695335430742551885e+00
8.599999999999999645e+00 3.019905442250628624e+00
8.730000000000000426e+00 3.018436900436866743e+00
9.060000000000000497e+00 1.939925855858840809e+00
9.380000000000000782e+00 2.034130145681274815e+00
9.699999999999999289e+00 3.625918104177907608e-01
1.002999999999999936e+01 0.000000000000000000e+00
1.034999999999999964e+01 0.000000000000000000e+00
1.066999999999999993e+01 4.448775381285866026e-01
1.075999999999999979e+01 4.446695938439653162e-01
1.100000000000000000e+01 0.000000000000000000e+00
1.132000000000000028e+01 0.000000000000000000e+00
1.164000000000000057e+01 0.000000000000000000e+00
1.197000000000000064e+01 0.000000000000000000e+00
1.215000000000000036e+01 0.000000000000000000e+00
1.228999999999999915e+01 0.000000000000000000e+00
1.260999999999999943e+01 0.000000000000000000e+00
1.293999999999999950e+01 0.000000000000000000e+00
1.325999999999999979e+01 0.000000000000000000e+00
1.358000000000000007e+01 0.000000000000000000e+00
1.380000000000000071e+01 0.000000000000000000e+00
