# Cosmic Time [Gyr]	  SFR [M_sol yr**-1]
4.699999999999999734e-01 3.208315557667873463e-02
6.300000000000000044e-01 1.693002877646565540e-01
6.500000000000000222e-01 3.046893268829169443e-01
7.600000000000000089e-01 1.630397951520555500e-01
9.300000000000000488e-01 4.020166624997631999e+00
9.699999999999999734e-01 1.024456542275849147e+00
1.169999999999999929e+00 2.251028093308918621e+00
1.290000000000000036e+00 2.624897231539614628e-01
1.540000000000000036e+00 3.778150591590267116e+00
1.620000000000000107e+00 1.356031883732299770e+00
1.939999999999999947e+00 1.286901350186411053e+00
2.149999999999999911e+00 1.520430623308359319e+00
2.259999999999999787e+00 1.428427265251323686e+00
2.589999999999999858e+00 1.000553462239713032e-01
2.609999999999999876e+00 1.329748064589873824e+00
2.910000000000000142e+00 1.823306008128314226e-01
3.229999999999999982e+00 0.000000000000000000e+00
3.279999999999999805e+00 0.000000000000000000e+00
3.560000000000000053e+00 3.910137968618498938e-01
3.729999999999999982e+00 3.879575374604766758e-01
3.879999999999999893e+00 6.851815957057554307e-01
4.200000000000000178e+00 3.849986695008029702e-01
4.280000000000000249e+00 1.992363940386647547e+00
4.530000000000000249e+00 2.059893169123299117e+00
4.849999999999999645e+00 0.000000000000000000e+00
5.179999999999999716e+00 0.000000000000000000e+00
5.500000000000000000e+00 3.034322263665688801e+00
5.820000000000000284e+00 3.035438215072492341e+00
5.860000000000000320e+00 3.033039703724191405e+00
6.150000000000000355e+00 3.032001402063829509e+00
6.469999999999999751e+00 3.019579109865035083e+00
6.790000000000000036e+00 3.018772291331611068e+00
7.030000000000000249e+00 2.263746606075319079e+00
7.120000000000000107e+00 3.774930919340103053e+00
7.440000000000000391e+00 0.000000000000000000e+00
7.759999999999999787e+00 0.000000000000000000e+00
8.089999999999999858e+00 3.774931204214224234e+00
8.410000000000000142e+00 0.000000000000000000e+00
8.599999999999999645e+00 3.774934927906585802e+00
8.730000000000000426e+00 0.000000000000000000e+00
9.060000000000000497e+00 0.000000000000000000e+00
9.380000000000000782e+00 0.000000000000000000e+00
9.699999999999999289e+00 1.080226937088570038e-01
1.002999999999999936e+01 1.080215734569622832e-01
1.034999999999999964e+01 5.463219587549354994e-01
1.066999999999999993e+01 0.000000000000000000e+00
1.075999999999999979e+01 1.080193283453136088e-01
1.100000000000000000e+01 2.514396401319656249e+00
1.132000000000000028e+01 3.006771461043326710e+00
1.164000000000000057e+01 0.000000000000000000e+00
1.197000000000000064e+01 0.000000000000000000e+00
1.215000000000000036e+01 0.000000000000000000e+00
1.228999999999999915e+01 0.000000000000000000e+00
1.260999999999999943e+01 1.052154692039210193e+00
1.293999999999999950e+01 0.000000000000000000e+00
1.325999999999999979e+01 0.000000000000000000e+00
1.358000000000000007e+01 0.000000000000000000e+00
1.380000000000000071e+01 0.000000000000000000e+00
