# Cosmic Time [Gyr]	  SFR [M_sol yr**-1]
4.699999999999999734e-01 1.509436798371576627e+00
6.300000000000000044e-01 1.426161499551263701e+00
6.500000000000000222e-01 1.749612418919938017e+00
7.600000000000000089e-01 3.072965438968150442e-01
9.300000000000000488e-01 1.366127623352031417e+00
9.699999999999999734e-01 4.900930839542988693e+00
1.169999999999999929e+00 6.853291611237567693e+00
1.290000000000000036e+00 2.625257626846962289e+00
1.540000000000000036e+00 2.866965903775605007e+00
1.620000000000000107e+00 3.135797987377161533e+00
1.939999999999999947e+00 6.056360707536699195e+00
2.149999999999999911e+00 7.127386199951794232e+00
2.259999999999999787e+00 3.504001879232540695e+00
2.589999999999999858e+00 7.040907857290036986e+00
2.609999999999999876e+00 2.557051358305883149e+00
2.910000000000000142e+00 3.983753564117293866e+00
3.229999999999999982e+00 6.614129830309103397e+00
3.279999999999999805e+00 4.842092090782609404e+01
3.560000000000000053e+00 8.102677554789901038e+00
3.729999999999999982e+00 1.121378536252451497e+01
3.879999999999999893e+00 0.000000000000000000e+00
4.200000000000000178e+00 8.710684142303886546e+00
4.280000000000000249e+00 1.151534223986678995e+01
4.530000000000000249e+00 0.000000000000000000e+00
4.849999999999999645e+00 1.332169515785895975e+01
5.179999999999999716e+00 4.135209882849544272e-01
5.500000000000000000e+00 4.094430960184698431e-01
5.820000000000000284e+00 4.065298905885431080e-01
5.860000000000000320e+00 4.112068563259796417e-01
6.150000000000000355e+00 2.678908954476672122e+01
6.469999999999999751e+00 3.840648669890334332e+01
6.790000000000000036e+00 0.000000000000000000e+00
7.030000000000000249e+00 0.000000000000000000e+00
7.120000000000000107e+00 0.000000000000000000e+00
7.440000000000000391e+00 0.000000000000000000e+00
7.759999999999999787e+00 4.132309987085486469e+00
8.089999999999999858e+00 0.000000000000000000e+00
8.410000000000000142e+00 3.022593772223757469e+00
8.599999999999999645e+00 0.000000000000000000e+00
8.730000000000000426e+00 0.000000000000000000e+00
9.060000000000000497e+00 0.000000000000000000e+00
9.380000000000000782e+00 0.000000000000000000e+00
9.699999999999999289e+00 0.000000000000000000e+00
1.002999999999999936e+01 0.000000000000000000e+00
1.034999999999999964e+01 3.921482461129686681e-01
1.066999999999999993e+01 5.395139318479548196e-01
1.075999999999999979e+01 1.026576249680243025e-01
1.100000000000000000e+01 9.253018544517349619e-03
1.132000000000000028e+01 0.000000000000000000e+00
1.164000000000000057e+01 9.252919340018567196e-03
1.197000000000000064e+01 0.000000000000000000e+00
1.215000000000000036e+01 1.442162964298675965e+00
1.228999999999999915e+01 0.000000000000000000e+00
1.260999999999999943e+01 0.000000000000000000e+00
1.293999999999999950e+01 0.000000000000000000e+00
1.325999999999999979e+01 0.000000000000000000e+00
1.358000000000000007e+01 3.921223770491332195e-01
1.380000000000000071e+01 0.000000000000000000e+00
