# Cosmic Time [Gyr]	  SFR [M_sol yr**-1]
4.699999999999999734e-01 3.701461002395163735e+00
6.300000000000000044e-01 2.603098921312441139e-01
6.500000000000000222e-01 6.789612025815545682e-01
7.600000000000000089e-01 4.803104040797950836e-01
9.300000000000000488e-01 1.487870716118232961e+00
9.699999999999999734e-01 5.335423053885735012e-01
1.169999999999999929e+00 5.549133751516031055e+00
1.290000000000000036e+00 2.968631400543288557e+00
1.540000000000000036e+00 1.957255284224229008e+00
1.620000000000000107e+00 2.206124448704202656e+00
1.939999999999999947e+00 3.913527683071637231e+00
2.149999999999999911e+00 1.045814028096964776e+00
2.259999999999999787e+00 5.353386280007153886e+00
2.589999999999999858e+00 2.732508864360452705e+00
2.609999999999999876e+00 2.724372736683921659e+00
2.910000000000000142e+00 1.047223313030724512e+01
3.229999999999999982e+00 6.827384184263443956e+00
3.279999999999999805e+00 0.000000000000000000e+00
3.560000000000000053e+00 1.127149834134321438e+01
3.729999999999999982e+00 8.014277130656294545e+00
3.879999999999999893e+00 7.708976333805836134e+00
4.200000000000000178e+00 4.439548968249509642e+01
4.280000000000000249e+00 8.774442218271136795e+00
4.530000000000000249e+00 8.901581262734953981e+00
4.849999999999999645e+00 9.122022265155294463e+00
5.179999999999999716e+00 3.990656453808352921e+01
5.500000000000000000e+00 0.000000000000000000e+00
5.820000000000000284e+00 0.000000000000000000e+00
5.860000000000000320e+00 9.868439080501241634e+00
6.150000000000000355e+00 3.186039295642552105e+01
6.469999999999999751e+00 1.037005962031172146e+01
6.790000000000000036e+00 1.061631824822179482e+01
7.030000000000000249e+00 1.086168025665615744e+01
7.120000000000000107e+00 1.082916740275611289e+01
7.440000000000000391e+00 1.149389118116402742e+01
7.759999999999999787e+00 0.000000000000000000e+00
8.089999999999999858e+00 4.960667214108433143e+01
8.410000000000000142e+00 1.235291255136800004e+01
8.599999999999999645e+00 1.234836882838550132e+01
8.730000000000000426e+00 1.240822166044021380e+01
9.060000000000000497e+00 0.000000000000000000e+00
9.380000000000000782e+00 0.000000000000000000e+00
9.699999999999999289e+00 0.000000000000000000e+00
1.002999999999999936e+01 0.000000000000000000e+00
1.034999999999999964e+01 1.237231120316097410e+01
1.066999999999999993e+01 1.385562893558385156e+01
1.075999999999999979e+01 1.393070665089588900e+01
1.100000000000000000e+01 0.000000000000000000e+00
1.132000000000000028e+01 1.296788617379538167e+01
1.164000000000000057e+01 0.000000000000000000e+00
1.197000000000000064e+01 0.000000000000000000e+00
1.215000000000000036e+01 1.486936711969253899e+01
1.228999999999999915e+01 0.000000000000000000e+00
1.260999999999999943e+01 0.000000000000000000e+00
1.293999999999999950e+01 0.000000000000000000e+00
1.325999999999999979e+01 0.000000000000000000e+00
1.358000000000000007e+01 0.000000000000000000e+00
1.380000000000000071e+01 0.000000000000000000e+00
