# Cosmic Time [Gyr]	  SFR [M_sol yr**-1]
4.699999999999999734e-01 6.896958779914127979e-02
6.300000000000000044e-01 4.013585443813846854e-02
6.500000000000000222e-01 9.789538239291309396e-02
7.600000000000000089e-01 3.263614313693541380e-02
9.300000000000000488e-01 2.808447566301705556e-02
9.699999999999999734e-01 1.350394137331935307e-01
1.169999999999999929e+00 4.231064611626318972e-01
1.290000000000000036e+00 3.009193626701475721e-01
1.540000000000000036e+00 8.450241651162746503e-01
1.620000000000000107e+00 8.854096321679778558e-01
1.939999999999999947e+00 5.071562914364582397e+00
2.149999999999999911e+00 9.826093584630601896e-01
2.259999999999999787e+00 4.988288428153797582e-03
2.589999999999999858e+00 1.323105328911947876e+00
2.609999999999999876e+00 1.712945871842723289e+00
2.910000000000000142e+00 1.366327815320068861e+00
3.229999999999999982e+00 2.799131395691146551e+00
3.279999999999999805e+00 2.946402226746466013e+00
3.560000000000000053e+00 0.000000000000000000e+00
3.729999999999999982e+00 9.525242077295519749e+00
3.879999999999999893e+00 3.371285339651489021e+00
4.200000000000000178e+00 1.554014817626040923e+01
4.280000000000000249e+00 6.934217409255636344e-01
4.530000000000000249e+00 0.000000000000000000e+00
4.849999999999999645e+00 0.000000000000000000e+00
5.179999999999999716e+00 2.165661125907644813e+00
5.500000000000000000e+00 2.351293997205532804e+01
5.820000000000000284e+00 2.470709521495235350e+01
5.860000000000000320e+00 2.475058484416791771e+01
6.150000000000000355e+00 4.210210392124880130e-01
6.469999999999999751e+00 4.464882421575077087e-01
6.790000000000000036e+00 4.729065741977157566e-01
7.030000000000000249e+00 4.890023864892283356e-01
7.120000000000000107e+00 0.000000000000000000e+00
7.440000000000000391e+00 0.000000000000000000e+00
7.759999999999999787e+00 0.000000000000000000e+00
8.089999999999999858e+00 0.000000000000000000e+00
8.410000000000000142e+00 4.207113452373793194e+00
8.599999999999999645e+00 5.500333413559210793e-01
8.730000000000000426e+00 5.524532331710636512e-01
9.060000000000000497e+00 4.234558570492038321e+00
9.380000000000000782e+00 3.774940958510119238e+00
9.699999999999999289e+00 3.774944789809546286e+00
1.002999999999999936e+01 4.901213397482707990e+01
1.034999999999999964e+01 4.892023777389175621e+01
1.066999999999999993e+01 0.000000000000000000e+00
1.075999999999999979e+01 0.000000000000000000e+00
1.100000000000000000e+01 0.000000000000000000e+00
1.132000000000000028e+01 0.000000000000000000e+00
1.164000000000000057e+01 5.430212957893352232e-01
1.197000000000000064e+01 3.005996759830858345e+00
1.215000000000000036e+01 0.000000000000000000e+00
1.228999999999999915e+01 0.000000000000000000e+00
1.260999999999999943e+01 1.352465595029148093e-01
1.293999999999999950e+01 0.000000000000000000e+00
1.325999999999999979e+01 0.000000000000000000e+00
1.358000000000000007e+01 0.000000000000000000e+00
1.380000000000000071e+01 0.000000000000000000e+00
