# Cosmic Time [Gyr]	  SFR [M_sol yr**-1]
4.699999999999999734e-01 0.000000000000000000e+00
6.300000000000000044e-01 0.000000000000000000e+00
6.500000000000000222e-01 4.788635417016240403e-02
7.600000000000000089e-01 1.281253049619998641e-01
9.300000000000000488e-01 3.170320090977417626e-01
9.699999999999999734e-01 1.157546584626412134e+00
1.169999999999999929e+00 1.107354876469114124e+00
1.290000000000000036e+00 9.629831654311971079e-03
1.540000000000000036e+00 1.239317475954047509e+00
1.620000000000000107e+00 1.273361580837305995e+00
1.939999999999999947e+00 4.564177531469864491e+00
2.149999999999999911e+00 1.544198610127501148e+00
2.259999999999999787e+00 5.711518293093163834e+00
2.589999999999999858e+00 0.000000000000000000e+00
2.609999999999999876e+00 5.113978529926524352e+00
2.910000000000000142e+00 0.000000000000000000e+00
3.229999999999999982e+00 1.900942814454538166e+01
3.279999999999999805e+00 1.898183641871201388e+01
3.560000000000000053e+00 1.339258523378643702e+02
3.729999999999999982e+00 0.000000000000000000e+00
3.879999999999999893e+00 1.893668444627330771e+01
4.200000000000000178e+00 0.000000000000000000e+00
4.280000000000000249e+00 1.879300902857305289e+01
4.530000000000000249e+00 1.871206066559727077e+01
4.849999999999999645e+00 1.239576810825333197e+01
4.969999999999999751e+00 0.000000000000000000e+00
5.179999999999999716e+00 0.000000000000000000e+00
5.500000000000000000e+00 2.880297842139216691e-01
5.860000000000000320e+00 1.298844101173778043e+01
6.150000000000000355e+00 1.301761701471421162e+01
6.469999999999999751e+00 2.758722872538144633e-01
6.790000000000000036e+00 0.000000000000000000e+00
7.030000000000000249e+00 2.721606170682024928e-01
7.120000000000000107e+00 1.420087366899329062e+01
7.440000000000000391e+00 0.000000000000000000e+00
7.759999999999999787e+00 2.686136193032553909e-01
8.089999999999999858e+00 0.000000000000000000e+00
8.410000000000000142e+00 0.000000000000000000e+00
8.599999999999999645e+00 5.462573733167009493e+01
8.730000000000000426e+00 0.000000000000000000e+00
9.060000000000000497e+00 0.000000000000000000e+00
9.380000000000000782e+00 0.000000000000000000e+00
9.699999999999999289e+00 0.000000000000000000e+00
1.002999999999999936e+01 0.000000000000000000e+00
1.034999999999999964e+01 0.000000000000000000e+00
1.066999999999999993e+01 0.000000000000000000e+00
1.075999999999999979e+01 0.000000000000000000e+00
1.100000000000000000e+01 0.000000000000000000e+00
1.132000000000000028e+01 8.615726582964377656e+00
1.164000000000000057e+01 1.311479485611739193e+01
1.197000000000000064e+01 1.808195326569216377e+01
1.215000000000000036e+01 2.284540726081932260e-01
1.228999999999999915e+01 2.284534429577815551e-01
1.260999999999999943e+01 8.284304869161061013e-01
1.293999999999999950e+01 0.000000000000000000e+00
1.325999999999999979e+01 0.000000000000000000e+00
1.358000000000000007e+01 3.889987098171405755e-01
1.380000000000000071e+01 0.000000000000000000e+00
