# Cosmic Time [Gyr]	  SFR [M_sol yr**-1]
4.699999999999999734e-01 2.714690965782435406e+00
6.300000000000000044e-01 2.839092905541039435e+00
6.500000000000000222e-01 4.613853821298485869e+00
7.600000000000000089e-01 8.701607574139285095e-01
9.300000000000000488e-01 2.879151953199925451e+00
9.699999999999999734e-01 1.109617325052627557e+00
1.169999999999999929e+00 2.690166582336103840e+00
1.290000000000000036e+00 3.319851243140537811e+00
1.540000000000000036e+00 5.144340046450094128e+00
1.620000000000000107e+00 2.386313258269639359e+00
1.939999999999999947e+00 0.000000000000000000e+00
2.149999999999999911e+00 4.907257999205074661e+00
2.259999999999999787e+00 4.870833210780887157e+00
2.589999999999999858e+00 0.000000000000000000e+00
2.609999999999999876e+00 0.000000000000000000e+00
2.910000000000000142e+00 5.272693538022326543e+00
3.229999999999999982e+00 7.725264038497755337e+00
3.279999999999999805e+00 7.685056273266325455e+00
3.560000000000000053e+00 0.000000000000000000e+00
3.729999999999999982e+00 5.871644858691793090e+00
3.879999999999999893e+00 0.000000000000000000e+00
4.200000000000000178e+00 0.000000000000000000e+00
4.280000000000000249e+00 0.000000000000000000e+00
4.530000000000000249e+00 0.000000000000000000e+00
4.849999999999999645e+00 0.000000000000000000e+00
4.969999999999999751e+00 0.000000000000000000e+00
5.179999999999999716e+00 6.859376308599417271e+00
5.500000000000000000e+00 0.000000000000000000e+00
5.860000000000000320e+00 2.783583311766202328e+00
6.150000000000000355e+00 3.231876937836823060e+00
6.469999999999999751e+00 0.000000000000000000e+00
6.790000000000000036e+00 7.551670830276048463e+00
7.030000000000000249e+00 0.000000000000000000e+00
7.120000000000000107e+00 0.000000000000000000e+00
7.440000000000000391e+00 0.000000000000000000e+00
7.759999999999999787e+00 5.907494946509865841e+00
8.089999999999999858e+00 6.580613083259894580e+00
8.410000000000000142e+00 0.000000000000000000e+00
8.599999999999999645e+00 8.362228452274498736e+00
8.730000000000000426e+00 1.809845281969388253e+01
9.060000000000000497e+00 1.809065715209935377e+01
9.380000000000000782e+00 1.808613524760136926e+01
9.699999999999999289e+00 8.564827998843068002e+00
1.002999999999999936e+01 1.570002625844203692e+01
1.034999999999999964e+01 0.000000000000000000e+00
1.066999999999999993e+01 8.628924673046139304e+00
1.075999999999999979e+01 1.165890284868850024e+01
1.100000000000000000e+01 1.577441324752352259e+01
1.132000000000000028e+01 0.000000000000000000e+00
1.164000000000000057e+01 0.000000000000000000e+00
1.197000000000000064e+01 0.000000000000000000e+00
1.215000000000000036e+01 0.000000000000000000e+00
1.228999999999999915e+01 0.000000000000000000e+00
1.260999999999999943e+01 8.595645944152463969e+00
1.293999999999999950e+01 0.000000000000000000e+00
1.325999999999999979e+01 0.000000000000000000e+00
1.358000000000000007e+01 1.519193303599862688e+01
1.380000000000000071e+01 3.469390266842860729e+04
