# Cosmic Time [Gyr]	  SFR [M_sol yr**-1]
6.500000000000000222e-01 1.190986664758447722e-01
7.600000000000000089e-01 6.956709356796194621e-01
9.300000000000000488e-01 7.386427797531622819e-01
9.699999999999999734e-01 2.065449796872370625e-01
1.169999999999999929e+00 0.000000000000000000e+00
1.290000000000000036e+00 0.000000000000000000e+00
1.540000000000000036e+00 1.779443994497781345e+00
1.620000000000000107e+00 5.632992762288814959e+00
1.939999999999999947e+00 1.337093135132328214e+01
2.149999999999999911e+00 5.242523266630466416e+00
2.259999999999999787e+00 5.029109980563863047e+00
2.589999999999999858e+00 5.491383898168292532e+00
2.609999999999999876e+00 0.000000000000000000e+00
2.910000000000000142e+00 0.000000000000000000e+00
3.229999999999999982e+00 0.000000000000000000e+00
3.279999999999999805e+00 5.536295592974139090e+00
3.560000000000000053e+00 0.000000000000000000e+00
3.729999999999999982e+00 0.000000000000000000e+00
3.879999999999999893e+00 0.000000000000000000e+00
4.200000000000000178e+00 0.000000000000000000e+00
4.280000000000000249e+00 0.000000000000000000e+00
4.530000000000000249e+00 0.000000000000000000e+00
4.849999999999999645e+00 0.000000000000000000e+00
4.969999999999999751e+00 0.000000000000000000e+00
5.179999999999999716e+00 2.366182041968478700e+00
5.500000000000000000e+00 2.301451149338932911e+00
5.860000000000000320e+00 2.783583311766202328e+00
6.150000000000000355e+00 2.504627043958818078e+00
6.469999999999999751e+00 1.917904316535868459e+00
6.790000000000000036e+00 0.000000000000000000e+00
7.030000000000000249e+00 7.257853992012186062e+00
7.120000000000000107e+00 0.000000000000000000e+00
7.440000000000000391e+00 0.000000000000000000e+00
7.759999999999999787e+00 2.460252323047140699e+00
8.089999999999999858e+00 0.000000000000000000e+00
8.410000000000000142e+00 0.000000000000000000e+00
8.599999999999999645e+00 0.000000000000000000e+00
8.730000000000000426e+00 0.000000000000000000e+00
9.060000000000000497e+00 0.000000000000000000e+00
9.380000000000000782e+00 0.000000000000000000e+00
9.699999999999999289e+00 2.439678738164977823e+00
1.002999999999999936e+01 6.459911844271422510e+00
1.034999999999999964e+01 0.000000000000000000e+00
1.066999999999999993e+01 2.550285161273968981e+00
1.075999999999999979e+01 1.808239366536201942e+01
1.100000000000000000e+01 2.433557893502698466e+00
1.132000000000000028e+01 0.000000000000000000e+00
1.164000000000000057e+01 0.000000000000000000e+00
1.197000000000000064e+01 4.938310882180579897e-02
1.215000000000000036e+01 0.000000000000000000e+00
1.228999999999999915e+01 0.000000000000000000e+00
1.260999999999999943e+01 0.000000000000000000e+00
1.293999999999999950e+01 3.890031794405966470e-01
1.325999999999999979e+01 7.184068814825288030e+00
1.358000000000000007e+01 7.638861215125171134e-01
1.380000000000000071e+01 0.000000000000000000e+00
