# Cosmic Time [Gyr]	  SFR [M_sol yr**-1]
6.300000000000000044e-01 0.000000000000000000e+00
6.500000000000000222e-01 0.000000000000000000e+00
7.600000000000000089e-01 0.000000000000000000e+00
9.300000000000000488e-01 0.000000000000000000e+00
9.699999999999999734e-01 0.000000000000000000e+00
1.169999999999999929e+00 0.000000000000000000e+00
1.290000000000000036e+00 0.000000000000000000e+00
1.540000000000000036e+00 0.000000000000000000e+00
1.620000000000000107e+00 0.000000000000000000e+00
1.939999999999999947e+00 0.000000000000000000e+00
2.149999999999999911e+00 0.000000000000000000e+00
2.259999999999999787e+00 0.000000000000000000e+00
2.589999999999999858e+00 0.000000000000000000e+00
2.609999999999999876e+00 0.000000000000000000e+00
2.910000000000000142e+00 0.000000000000000000e+00
3.229999999999999982e+00 0.000000000000000000e+00
3.279999999999999805e+00 0.000000000000000000e+00
3.560000000000000053e+00 0.000000000000000000e+00
3.729999999999999982e+00 0.000000000000000000e+00
3.879999999999999893e+00 0.000000000000000000e+00
4.200000000000000178e+00 0.000000000000000000e+00
4.280000000000000249e+00 0.000000000000000000e+00
4.530000000000000249e+00 0.000000000000000000e+00
4.849999999999999645e+00 0.000000000000000000e+00
4.969999999999999751e+00 0.000000000000000000e+00
5.179999999999999716e+00 0.000000000000000000e+00
5.500000000000000000e+00 0.000000000000000000e+00
5.860000000000000320e+00 0.000000000000000000e+00
6.150000000000000355e+00 0.000000000000000000e+00
6.469999999999999751e+00 0.000000000000000000e+00
6.790000000000000036e+00 0.000000000000000000e+00
7.030000000000000249e+00 0.000000000000000000e+00
7.120000000000000107e+00 0.000000000000000000e+00
7.440000000000000391e+00 0.000000000000000000e+00
7.759999999999999787e+00 0.000000000000000000e+00
8.089999999999999858e+00 0.000000000000000000e+00
8.410000000000000142e+00 0.000000000000000000e+00
8.599999999999999645e+00 0.000000000000000000e+00
8.730000000000000426e+00 0.000000000000000000e+00
9.060000000000000497e+00 0.000000000000000000e+00
9.380000000000000782e+00 0.000000000000000000e+00
9.699999999999999289e+00 8.265780896736629074e+04
1.002999999999999936e+01 7.437247775951604126e+04
1.034999999999999964e+01 6.432505135151630384e+04
1.066999999999999993e+01 6.266225791401940660e+04
1.075999999999999979e+01 5.360444908219318313e+04
1.100000000000000000e+01 2.773062458845943547e+04
1.132000000000000028e+01 0.000000000000000000e+00
1.164000000000000057e+01 0.000000000000000000e+00
1.197000000000000064e+01 0.000000000000000000e+00
1.215000000000000036e+01 0.000000000000000000e+00
1.228999999999999915e+01 0.000000000000000000e+00
1.260999999999999943e+01 0.000000000000000000e+00
1.325999999999999979e+01 0.000000000000000000e+00
1.358000000000000007e+01 1.044305462633979914e+05
1.380000000000000071e+01 0.000000000000000000e+00
