# Time [Gyr]	  SFR [M_sol yr**-1]
6.442960499579197808e-01 2.028044838664352922e-03
8.332222727108723470e-01 2.147341593879903247e-03
1.022148495463825135e+00 2.266638349095453572e-03
1.211074718216777590e+00 2.942653295316905414e-03
1.400000940969730046e+00 5.567181910059012563e-03
1.588927163722682723e+00 5.447885154843462238e-03
1.777853386475635400e+00 1.721849833611089134e-02
1.966779609228587855e+00 2.346169519239122217e-02
2.155705831981540754e+00 3.109668752618627643e-02
2.344632054734493209e+00 2.310380492674457900e-02
2.533558277487445665e+00 3.447676225729346539e-02
2.722484500240398120e+00 3.984511624199311292e-02
2.911410722993351019e+00 1.188990993648309132e-02
3.100336945746303474e+00 2.445583481918745319e-02
3.289263168499256373e+00 3.439723108714976690e-02
3.478189391252208829e+00 2.310380492674457900e-02
3.667115614005161284e+00 1.304311190356671930e-02
3.856041836758113739e+00 2.898911151737826666e-02
4.044968059511066194e+00 6.760149462214499983e-04
4.233894282264018649e+00 1.093553589475870953e-02
4.422820505016971993e+00 7.714523503938918413e-03
4.611746727769924448e+00 7.316867653220417329e-03
4.800672950522876903e+00 1.443490738108144274e-02
4.989599173275829358e+00 6.601087121927115380e-03
5.178525396028781813e+00 5.408119569771612130e-03
5.367451618781734268e+00 6.481790366711565055e-03
5.556377841534686723e+00 8.072413769585564183e-03
5.745304064287639179e+00 8.350772865088508870e-03
5.934230287040591634e+00 1.487232881687178439e-02
6.123156509793544977e+00 9.543740417243986099e-03
6.312082732546497432e+00 1.833193471812267009e-02
6.501008955299449887e+00 2.047927631200252910e-02
6.689935178052402343e+00 8.867725471022549003e-03
6.878861400805354798e+00 1.753662301668568527e-02
7.067787623558307253e+00 2.139388476865506164e-02
7.256713846311260596e+00 1.940560551506259959e-02
7.445640069064213051e+00 1.550857817802137224e-02
7.634566291817165506e+00 1.161155084098014663e-02
7.823492514570117962e+00 2.461489715947485016e-02
8.012418737323070417e+00 3.181246805748006064e-03
8.201344960076024648e+00 6.958977387573766354e-03
8.390271182828975327e+00 8.509835205375905834e-03
8.579197405581929559e+00 1.709920158089552056e-03
8.768123628334880237e+00 7.634992333795218196e-03
8.957049851087834469e+00 4.930932548909410830e-03
9.145976073840788700e+00 1.192967552155500648e-03
9.334902296593739379e+00 6.640852706998965488e-03
9.523828519346693611e+00 3.817496166897607797e-03
9.712754742099644290e+00 4.771870208621999988e-04
9.901680964852598521e+00 1.749685743161402164e-03
1.009060718760554920e+01 1.471326647658451406e-03
1.027953341035850343e+01 3.022184465460605630e-03
1.046845963311145411e+01 2.544997444598404331e-03
1.065738585586440834e+01 4.175386432544258772e-03
1.084631207861735902e+01 3.260777975891706280e-03
1.103523830137031325e+01 4.811635793693860505e-03
1.122416452412326393e+01 2.664294199813954656e-03
1.141309074687621816e+01 4.215152017616108880e-03
1.160201696962917239e+01 4.453745528047209530e-03
1.179094319238212307e+01 4.851401378765710613e-03
1.197986941513507730e+01 3.181246805748006064e-03
1.216879563788802798e+01 2.743825369957654872e-03
1.235772186064098221e+01 7.953117014369999981e-05
1.254664808339393289e+01 8.748428715806999979e-04
1.273557430614688712e+01 2.385935104310999994e-04
1.292450052889983780e+01 7.953117014369999981e-05
1.311342675165279203e+01 9.941396267962501060e-04
1.330235297440574271e+01 1.988279253592499995e-04
1.349127919715869695e+01 1.988279253592499995e-04
1.368020541991164762e+01 6.760149462214499983e-04
