# Time [Gyr]	  SFR [M_sol yr**-1]
1.697531759415207508e+00 2.385935104310999994e-04
1.870019672548961509e+00 1.590623402873999996e-04
2.042507585682715288e+00 2.783590955029499993e-04
2.214995498816469066e+00 5.169526059340499987e-04
2.387483411950222845e+00 7.555461163651499982e-04
2.559971325083976623e+00 9.543740417243999977e-04
2.732459238217730402e+00 1.033905211868100214e-03
2.904947151351484624e+00 7.157805312932999982e-04
3.077435064485238403e+00 1.590623402874001731e-03
3.249922977618992626e+00 1.391795477514751189e-03
3.422410890752746404e+00 7.953117014369999981e-04
3.594898803886500183e+00 1.192967552155500648e-03
3.767386717020253961e+00 1.073670796939950323e-03
3.939874630154007740e+00 9.146084566525499978e-04
4.112362543287761518e+00 6.760149462214499983e-04
4.284850456421515297e+00 6.760149462214499983e-04
4.457338369555269075e+00 7.555461163651499982e-04
4.629826282689022854e+00 4.771870208621999988e-04
4.802314195822777521e+00 7.953117014369999981e-04
4.974802108956531299e+00 7.555461163651499982e-04
5.147290022090285078e+00 3.181246805747999992e-04
5.319777935224038856e+00 1.630388987945851839e-03
5.492265848357792635e+00 1.153201967083650539e-03
5.664753761491546413e+00 1.471326647658451406e-03
5.837241674625300192e+00 1.829216913305102381e-03
6.009729587759053970e+00 5.169526059340499987e-04
6.182217500892807749e+00 7.953117014369999981e-04
6.354705414026562416e+00 1.232733137227350756e-03
6.527193327160316194e+00 7.555461163651499982e-04
6.699681240294069973e+00 6.760149462214499983e-04
6.872169153427823751e+00 1.113436382011800431e-03
7.044657066561577530e+00 1.272498722299200864e-03
7.217144979695331308e+00 1.590623402873999996e-04
7.389632892829085087e+00 7.555461163651499982e-04
7.562120805962838865e+00 7.953117014369999981e-04
7.734608719096592644e+00 1.272498722299200864e-03
7.907096632230346422e+00 3.578902656466499991e-04
8.079584545364101089e+00 1.073670796939950323e-03
8.252072458497854868e+00 6.760149462214499983e-04
8.424560371631608646e+00 1.033905211868100214e-03
8.597048284765362425e+00 5.169526059340499987e-04
8.769536197899116203e+00 8.748428715806999979e-04
8.942024111032869982e+00 4.771870208621999988e-04
9.114512024166623760e+00 3.181246805747999992e-04
9.286999937300377539e+00 9.941396267962501060e-04
9.459487850434131317e+00 3.578902656466499991e-04
9.631975763567885096e+00 1.709920158089552056e-03
9.804463676701638875e+00 1.511092232730301514e-03
9.976951589835392653e+00 6.760149462214499983e-04
1.014943950296914643e+01 6.362493611495999984e-04
1.032192741610290021e+01 2.783590955029499993e-04
1.049441532923665399e+01 2.385935104310999994e-04
1.066690324237040777e+01 7.555461163651499982e-04
1.083939115550416332e+01 3.976558507184999990e-05
1.101187906863791710e+01 0.000000000000000000e+00
1.118436698177167088e+01 4.771870208621999988e-04
1.135685489490542466e+01 5.567181910058999986e-04
1.152934280803917844e+01 3.976558507184999990e-05
1.170183072117293221e+01 0.000000000000000000e+00
1.187431863430668599e+01 0.000000000000000000e+00
1.204680654744043977e+01 2.385935104310999994e-04
1.221929446057419355e+01 1.590623402873999996e-04
1.239178237370794733e+01 0.000000000000000000e+00
1.256427028684170111e+01 0.000000000000000000e+00
1.273675819997545489e+01 3.976558507184999990e-05
1.290924611310920866e+01 1.590623402873999996e-04
1.308173402624296244e+01 3.976558507184999990e-05
1.325422193937671622e+01 1.192967552155499997e-04
1.342670985251047000e+01 1.192967552155499997e-04
1.359919776564422378e+01 1.192967552155499997e-04
