# Time [Gyr]	  SFR [M_sol yr**-1]
5.171427205381536885e-01 1.511092232730287983e-02
7.076562467339789775e-01 1.431561062586589501e-02
8.981697729298042665e-01 2.270614907602608659e-02
1.088683299125629445e+00 4.207198900601667041e-02
1.279196825321454734e+00 5.245080670976932230e-02
1.469710351517280023e+00 4.219128576123221813e-02
1.660223877713105312e+00 2.060652618423229610e-01
1.850737403908930601e+00 1.480472732224949184e-01
2.041250930104755668e+00 2.421724130875635775e-02
2.231764456300581401e+00 3.809543049883174631e-02
2.422277982496406246e+00 3.264754534398840030e-02
2.612791508692231979e+00 1.805357562261972540e-02
2.803305034888056824e+00 1.717873275103904210e-02
2.993818561083882557e+00 1.248639371256082993e-02
3.184332087279707402e+00 9.146084566525493689e-03
3.374845613475533135e+00 1.395772036021925185e-02
3.565359139671357980e+00 8.589366375519604316e-03
3.755872665867183713e+00 1.029928653360912168e-02
3.946386192063008558e+00 1.196944110662678980e-02
4.136899718258834291e+00 6.521555951783415163e-03
4.327413244454660024e+00 3.578902656466507147e-03
4.517926770650484869e+00 1.006069302317802623e-02
4.708440296846310602e+00 7.953117014369999981e-04
4.898953823042135447e+00 1.829216913305102381e-03
5.089467349237961180e+00 2.743825369957654872e-03
5.279980875433786025e+00 2.147341593879903247e-03
5.470494401629611758e+00 2.743825369957654872e-03
5.661007927825436603e+00 2.902887710245055305e-03
5.851521454021262336e+00 3.181246805748006064e-03
6.042034980217087181e+00 4.413979942975359422e-03
6.232548506412912914e+00 3.181246805748006064e-03
6.423062032608737759e+00 3.419840316179106714e-03
6.613575558804563492e+00 2.783590955029504981e-03
6.804089085000388337e+00 3.141481220676155955e-03
6.994602611196214070e+00 2.028044838664352922e-03
7.185116137392038915e+00 2.584763029670254439e-03
7.375629663587864648e+00 3.340309146035406497e-03
7.566143189783689493e+00 2.425700689382854006e-03
7.756656715979515226e+00 3.578902656466507147e-03
7.947170242175339183e+00 4.533276698190909747e-03
8.137683768371164916e+00 4.732104623550160288e-03
8.328197294566990649e+00 3.101715635604305847e-03
8.518710820762816383e+00 3.181246805748006064e-03
8.709224346958640339e+00 2.704059784885804764e-03
8.899737873154466072e+00 1.272498722299200864e-03
9.090251399350290029e+00 1.391795477514751189e-03
9.280764925546115762e+00 9.543740417243999977e-04
9.471278451741941495e+00 1.073670796939950323e-03
9.661791977937767228e+00 5.964837760777499985e-04
9.852305504133592962e+00 6.760149462214499983e-04
1.004281903032941869e+01 6.362493611495999984e-04
1.023333255652524265e+01 5.567181910058999986e-04
1.042384608272106838e+01 3.578902656466499991e-04
1.061435960891689234e+01 5.567181910058999986e-04
1.080487313511271807e+01 3.976558507184999990e-04
1.099538666130854381e+01 3.181246805747999992e-04
1.118590018750436954e+01 2.783590955029499993e-04
1.137641371370019527e+01 1.988279253592499995e-04
1.156692723989602101e+01 2.385935104310999994e-04
1.175744076609184496e+01 1.988279253592499995e-04
1.194795429228767070e+01 1.192967552155499997e-04
1.213846781848349465e+01 1.988279253592499995e-04
1.232898134467932039e+01 1.988279253592499995e-04
1.251949487087514612e+01 1.590623402873999996e-04
1.271000839707097185e+01 7.953117014369999981e-05
1.290052192326679759e+01 7.953117014369999981e-05
1.309103544946262332e+01 3.976558507184999990e-05
1.328154897565844728e+01 1.192967552155499997e-04
1.347206250185427301e+01 3.976558507184999990e-05
1.366257602805009697e+01 1.192967552155499997e-04
