# Time [Gyr]	  SFR [M_sol yr**-1]
7.712870123488851926e-01 3.578902656466499991e-04
9.111628832102975917e-01 1.590623402873999996e-04
1.051038754071709880e+00 1.272498722299200864e-03
1.190914624933122168e+00 7.157805312932999982e-04
1.330790495794534456e+00 2.226872764023603464e-03
1.470666366655946966e+00 3.022184465460605630e-03
1.610542237517359254e+00 6.044368930921213863e-03
1.750418108378771542e+00 6.004603345849363755e-03
1.890293979240183830e+00 4.533276698190909747e-03
2.030169850101596118e+00 4.970698133981260938e-03
2.170045720963008407e+00 3.539137071394657039e-03
2.309921591824420695e+00 2.624528614742104547e-03
2.449797462685832983e+00 5.010463719053111047e-03
2.589673333547245271e+00 4.573042283262759855e-03
2.729549204408657559e+00 1.908748083448802597e-03
2.869425075270069847e+00 8.629131960591453557e-03
3.009300946131482135e+00 6.163665686136764188e-03
3.149176816992894423e+00 1.272498722299200864e-03
3.289052687854306711e+00 1.550857817802151623e-03
3.428928558715718999e+00 1.789451328233252272e-03
3.568804429577131287e+00 1.988279253592502814e-03
3.708680300438543576e+00 2.028044838664352922e-03
3.848556171299955864e+00 1.113436382011800431e-03
3.988432042161368152e+00 4.374214357903499989e-04
4.128307913022780440e+00 8.350772865088499980e-04
4.268183783884193616e+00 1.391795477514751189e-03
4.408059654745605016e+00 3.101715635604305847e-03
4.547935525607018192e+00 1.630388987945851839e-03
4.687811396468429592e+00 1.590623402873999996e-04
4.827687267329842769e+00 2.147341593879903247e-03
4.967563138191254168e+00 1.829216913305102381e-03
5.107439009052667345e+00 5.129760474268661372e-03
5.247314879914078745e+00 5.169526059340499987e-04
5.387190750775491921e+00 5.567181910058999986e-04
5.527066621636903321e+00 5.169526059340499987e-04
5.666942492498316497e+00 5.964837760777499985e-04
5.806818363359727897e+00 6.760149462214499983e-04
5.946694234221141073e+00 8.748428715806999979e-04
6.086570105082552473e+00 1.113436382011800431e-03
6.226445975943965649e+00 8.350772865088499980e-04
6.366321846805377049e+00 3.578902656466499991e-04
6.506197717666790226e+00 1.153201967083650539e-03
6.646073588528201626e+00 3.976558507184999990e-04
6.785949459389614802e+00 6.760149462214499983e-04
6.925825330251026202e+00 2.783590955029499993e-04
7.065701201112439378e+00 6.362493611495999984e-04
7.205577071973850778e+00 9.941396267962501060e-04
7.345452942835263954e+00 8.748428715806999979e-04
7.485328813696677130e+00 1.471326647658451406e-03
7.625204684558088530e+00 5.567181910058999986e-04
7.765080555419501707e+00 9.146084566525499978e-04
7.904956426280913107e+00 5.567181910058999986e-04
8.044832297142326283e+00 1.670154573017701947e-03
8.184708168003737683e+00 9.146084566525499978e-04
8.324584038865150859e+00 7.157805312932999982e-04
8.464459909726564035e+00 2.346169519239153789e-03
8.604335780587975435e+00 0.000000000000000000e+00
8.744211651449386835e+00 3.578902656466499991e-04
8.884087522310800011e+00 4.374214357903499989e-04
9.023963393172211411e+00 0.000000000000000000e+00
9.163839264033622811e+00 6.362493611495999984e-04
9.303715134895035987e+00 3.976558507184999990e-05
9.443591005756449164e+00 3.578902656466499991e-04
9.583466876617860564e+00 0.000000000000000000e+00
9.723342747479273740e+00 1.988279253592499995e-04
9.863218618340685140e+00 0.000000000000000000e+00
1.000309448920209832e+01 3.976558507184999990e-04
1.014297036006351149e+01 3.976558507184999990e-05
1.028284623092492289e+01 0.000000000000000000e+00
1.042272210178633429e+01 7.953117014369999981e-05
