# Time [Gyr]	  SFR [M_sol yr**-1]
5.452462870870844469e+00 1.988279253592499995e-04
5.557321675958288409e+00 1.192967552155499997e-04
5.662180481045733238e+00 2.783590955029499993e-04
5.767039286133178067e+00 1.988279253592499995e-04
5.871898091220622007e+00 1.590623402873999996e-04
5.976756896308065947e+00 7.953117014369999981e-05
6.081615701395510776e+00 2.783590955029499993e-04
6.186474506482955604e+00 2.783590955029499993e-04
6.291333311570399545e+00 3.181246805747999992e-04
6.396192116657843485e+00 4.374214357903499989e-04
6.501050921745288314e+00 3.578902656466499991e-04
6.605909726832732254e+00 5.169526059340499987e-04
6.710768531920177082e+00 6.362493611495999984e-04
6.815627337007621023e+00 3.976558507184999990e-04
6.920486142095065851e+00 6.760149462214499983e-04
7.025344947182509792e+00 4.771870208621999988e-04
7.130203752269954620e+00 4.374214357903499989e-04
7.235062557357398560e+00 2.783590955029499993e-04
7.339921362444843389e+00 3.976558507184999990e-04
7.444780167532287329e+00 5.567181910058999986e-04
7.549638972619732158e+00 1.988279253592499995e-04
7.654497777707176098e+00 4.374214357903499989e-04
7.759356582794620927e+00 4.374214357903499989e-04
7.864215387882064867e+00 3.578902656466499991e-04
7.969074192969508807e+00 4.374214357903499989e-04
8.073932998056953636e+00 5.169526059340499987e-04
8.178791803144399353e+00 2.783590955029499993e-04
8.283650608231841517e+00 4.374214357903499989e-04
8.388509413319287233e+00 4.771870208621999988e-04
8.493368218406729397e+00 8.748428715806999979e-04
8.598227023494175114e+00 7.157805312932999982e-04
8.703085828581620831e+00 1.113436382011800431e-03
8.807944633669062995e+00 6.760149462214499983e-04
8.912803438756508712e+00 5.964837760777499985e-04
9.017662243843954428e+00 1.471326647658451406e-03
9.122521048931396592e+00 7.555461163651499982e-04
9.227379854018842309e+00 5.964837760777499985e-04
9.332238659106284473e+00 9.543740417243999977e-04
9.437097464193730190e+00 7.157805312932999982e-04
9.541956269281175906e+00 6.362493611495999984e-04
9.646815074368618070e+00 7.953117014369999981e-05
9.751673879456063787e+00 7.953117014369999981e-04
9.856532684543507727e+00 1.988279253592499995e-04
9.961391489630951668e+00 0.000000000000000000e+00
1.006625029471839738e+01 0.000000000000000000e+00
1.017110909980583955e+01 3.976558507184999990e-04
1.027596790489328527e+01 1.590623402873999996e-04
1.038082670998072921e+01 7.953117014369999981e-05
1.048568551506817315e+01 0.000000000000000000e+00
1.059054432015561886e+01 0.000000000000000000e+00
1.069540312524306103e+01 0.000000000000000000e+00
1.080026193033050674e+01 2.385935104310999994e-04
1.090512073541795246e+01 1.988279253592499995e-04
1.100997954050539462e+01 0.000000000000000000e+00
1.111483834559284034e+01 0.000000000000000000e+00
1.121969715068028428e+01 0.000000000000000000e+00
1.132455595576772822e+01 0.000000000000000000e+00
1.142941476085517394e+01 7.953117014369999981e-05
1.153427356594261610e+01 1.590623402873999996e-04
1.163913237103006182e+01 0.000000000000000000e+00
1.174399117611750754e+01 0.000000000000000000e+00
1.184884998120494970e+01 0.000000000000000000e+00
1.195370878629239542e+01 0.000000000000000000e+00
1.205856759137983936e+01 1.192967552155499997e-04
1.216342639646728330e+01 1.988279253592499995e-04
1.226828520155472901e+01 0.000000000000000000e+00
1.237314400664217118e+01 0.000000000000000000e+00
1.247800281172961689e+01 0.000000000000000000e+00
1.258286161681706083e+01 0.000000000000000000e+00
1.268772042190450478e+01 1.192967552155499997e-04
