# Time [Gyr]	  SFR [M_sol yr**-1]
5.350300329640500507e-01 1.590623402873999996e-04
5.929669278361473506e-01 7.953117014369999981e-05
6.509038227082446504e-01 1.192967552155499997e-04
7.088407175803418392e-01 1.988279253592499995e-04
7.667776124524390280e-01 1.988279253592499995e-04
8.247145073245363278e-01 8.748428715806999979e-04
8.826514021966335166e-01 1.431561062586601298e-03
9.405882970687307054e-01 2.942653295316905414e-03
9.985251919408280052e-01 4.533276698190909747e-03
1.056462086812925083e+00 7.953117014369999981e-05
1.114398981685022605e+00 5.964837760777499985e-04
1.172335876557119683e+00 3.181246805747999992e-04
1.230272771429216760e+00 5.169526059340499987e-04
1.288209666301314282e+00 1.988279253592499995e-04
1.346146561173411360e+00 4.771870208621999988e-04
1.404083456045508438e+00 7.953117014369999981e-04
1.462020350917605960e+00 5.567181910058999986e-04
1.519957245789703038e+00 1.192967552155500648e-03
1.577894140661800115e+00 9.543740417243999977e-04
1.635831035533897637e+00 6.760149462214499983e-04
1.693767930405994715e+00 7.555461163651499982e-04
1.751704825278091793e+00 1.590623402873999996e-04
1.809641720150189315e+00 1.352029892442901081e-03
1.867578615022286392e+00 3.976558507184999990e-05
1.925515509894383470e+00 5.169526059340499987e-04
1.983452404766480992e+00 1.192967552155499997e-04
2.041389299638578070e+00 8.350772865088499980e-04
2.099326194510675148e+00 0.000000000000000000e+00
2.157263089382772669e+00 0.000000000000000000e+00
2.215199984254869747e+00 1.988279253592499995e-04
2.273136879126967269e+00 3.976558507184999990e-05
2.331073773999064347e+00 5.169526059340499987e-04
2.389010668871161425e+00 3.976558507184999990e-05
2.446947563743258502e+00 0.000000000000000000e+00
2.504884458615356024e+00 0.000000000000000000e+00
2.562821353487453102e+00 3.976558507184999990e-04
2.620758248359550180e+00 0.000000000000000000e+00
2.678695143231647702e+00 0.000000000000000000e+00
2.736632038103744780e+00 5.567181910058999986e-04
2.794568932975842301e+00 0.000000000000000000e+00
2.852505827847939379e+00 0.000000000000000000e+00
2.910442722720036457e+00 0.000000000000000000e+00
2.968379617592133535e+00 4.771870208621999988e-04
3.026316512464231057e+00 3.976558507184999990e-05
3.084253407336328134e+00 1.590623402873999996e-04
3.142190302208425656e+00 1.590623402873999996e-04
3.200127197080522734e+00 0.000000000000000000e+00
3.258064091952619812e+00 0.000000000000000000e+00
3.316000986824716890e+00 1.590623402873999996e-04
3.373937881696814411e+00 0.000000000000000000e+00
3.431874776568911933e+00 7.953117014369999981e-04
3.489811671441009011e+00 0.000000000000000000e+00
3.547748566313106089e+00 0.000000000000000000e+00
3.605685461185203167e+00 3.976558507184999990e-05
3.663622356057300689e+00 1.033905211868100214e-03
3.721559250929397766e+00 1.192967552155499997e-04
3.779496145801495288e+00 5.169526059340499987e-04
3.837433040673592366e+00 3.976558507184999990e-05
3.895369935545689444e+00 5.964837760777499985e-04
3.953306830417786522e+00 2.783590955029499993e-04
4.011243725289883599e+00 1.272498722299200864e-03
4.069180620161981565e+00 1.590623402873999996e-04
4.127117515034078643e+00 1.272498722299200864e-03
4.185054409906175721e+00 4.374214357903499989e-04
4.242991304778272799e+00 2.783590955029499993e-04
4.300928199650369876e+00 9.543740417243999977e-04
4.358865094522467842e+00 0.000000000000000000e+00
4.416801989394564032e+00 5.567181910058999986e-04
4.474738884266661998e+00 3.976558507184999990e-05
4.532675779138758188e+00 3.976558507184999990e-04
