# Time [Gyr]	  SFR [M_sol yr**-1]
6.277795648455858357e-01 3.976558507184999990e-05
7.247499049381211922e-01 7.953117014369999981e-05
8.217202450306566597e-01 0.000000000000000000e+00
9.186905851231921272e-01 3.976558507184999990e-05
1.015660925215727595e+00 1.192967552155499997e-04
1.112631265308262840e+00 1.192967552155499997e-04
1.209601605400798530e+00 7.953117014369999981e-05
1.306571945493333775e+00 3.976558507184999990e-05
1.403542285585869243e+00 1.192967552155499997e-04
1.500512625678404710e+00 2.783590955029499993e-04
1.597482965770939956e+00 3.181246805747999992e-04
1.694453305863475645e+00 5.169526059340499987e-04
1.791423645956010891e+00 5.169526059340499987e-04
1.888393986048546358e+00 9.941396267962501060e-04
1.985364326141081825e+00 7.555461163651499982e-04
2.082334666233617071e+00 7.157805312932999982e-04
2.179305006326152760e+00 5.567181910058999986e-04
2.276275346418688006e+00 7.555461163651499982e-04
2.373245686511223251e+00 9.941396267962501060e-04
2.470216026603758941e+00 3.976558507184999990e-05
2.567186366696294186e+00 1.590623402873999996e-04
2.664156706788829876e+00 4.771870208621999988e-04
2.761127046881365121e+00 2.385935104310999994e-04
2.858097386973900811e+00 7.555461163651499982e-04
2.955067727066436056e+00 7.953117014369999981e-05
3.052038067158971302e+00 2.385935104310999994e-04
3.149008407251506991e+00 2.783590955029499993e-04
3.245978747344042237e+00 1.590623402873999996e-04
3.342949087436577926e+00 3.976558507184999990e-05
3.439919427529113172e+00 7.953117014369999981e-05
3.536889767621648417e+00 6.362493611495999984e-04
3.633860107714184107e+00 1.988279253592499995e-04
3.730830447806719352e+00 2.783590955029499993e-04
3.827800787899255042e+00 1.988279253592499995e-04
3.924771127991790287e+00 1.192967552155499997e-04
4.021741468084325533e+00 1.192967552155499997e-04
4.118711808176861666e+00 3.976558507184999990e-05
4.215682148269396023e+00 1.590623402873999996e-04
4.312652488361932157e+00 5.169526059340499987e-04
4.409622828454467403e+00 0.000000000000000000e+00
4.506593168547002648e+00 7.953117014369999981e-05
4.603563508639538782e+00 7.953117014369999981e-05
4.700533848732074027e+00 1.590623402873999996e-04
4.797504188824609273e+00 1.988279253592499995e-04
4.894474528917144518e+00 0.000000000000000000e+00
4.991444869009679763e+00 5.169526059340499987e-04
5.088415209102215897e+00 0.000000000000000000e+00
5.185385549194751142e+00 7.953117014369999981e-05
5.282355889287286388e+00 0.000000000000000000e+00
5.379326229379821633e+00 1.192967552155499997e-04
5.476296569472356879e+00 3.976558507184999990e-05
5.573266909564893012e+00 3.976558507184999990e-05
5.670237249657428258e+00 7.953117014369999981e-05
5.767207589749963503e+00 7.157805312932999982e-04
5.864177929842498749e+00 0.000000000000000000e+00
5.961148269935033994e+00 0.000000000000000000e+00
6.058118610027570128e+00 0.000000000000000000e+00
6.155088950120105373e+00 0.000000000000000000e+00
6.252059290212640619e+00 5.964837760777499985e-04
6.349029630305175864e+00 3.976558507184999990e-05
6.445999970397711110e+00 0.000000000000000000e+00
6.542970310490247243e+00 0.000000000000000000e+00
6.639940650582782489e+00 1.988279253592499995e-04
6.736910990675317734e+00 0.000000000000000000e+00
6.833881330767852980e+00 6.760149462214499983e-04
6.930851670860388225e+00 7.953117014369999981e-05
7.027822010952924359e+00 7.953117014369999981e-05
7.124792351045459604e+00 5.567181910058999986e-04
7.221762691137994850e+00 7.953117014369999981e-05
7.318733031230530983e+00 1.113436382011800431e-03
