# Time [Gyr]	  SFR [M_sol yr**-1]
1.644278595489209849e+00 1.988279253592499995e-04
1.762449170531469100e+00 1.192967552155499997e-04
1.880619745573728352e+00 1.192967552155499997e-04
1.998790320615987604e+00 2.385935104310999994e-04
2.116960895658246855e+00 2.783590955029499993e-04
2.235131470700506107e+00 7.953117014369999981e-05
2.353302045742765802e+00 7.953117014369999981e-05
2.471472620785025054e+00 1.988279253592499995e-04
2.589643195827284305e+00 3.578902656466499991e-04
2.707813770869543557e+00 0.000000000000000000e+00
2.825984345911802809e+00 7.953117014369999981e-05
2.944154920954062060e+00 2.385935104310999994e-04
3.062325495996321312e+00 0.000000000000000000e+00
3.180496071038580563e+00 7.953117014369999981e-05
3.298666646080839815e+00 1.590623402873999996e-04
3.416837221123099066e+00 1.590623402873999996e-04
3.535007796165358318e+00 1.192967552155499997e-04
3.653178371207617570e+00 3.181246805747999992e-04
3.771348946249876821e+00 7.953117014369999981e-05
3.889519521292136073e+00 1.988279253592499995e-04
4.007690096334394880e+00 3.181246805747999992e-04
4.125860671376655020e+00 3.578902656466499991e-04
4.244031246418913383e+00 3.976558507184999990e-05
4.362201821461173523e+00 6.760149462214499983e-04
4.480372396503432775e+00 3.976558507184999990e-05
4.598542971545692026e+00 2.385935104310999994e-04
4.716713546587951278e+00 1.590623402873999996e-04
4.834884121630210529e+00 1.590623402873999996e-04
4.953054696672469781e+00 1.988279253592499995e-04
5.071225271714729033e+00 7.953117014369999981e-05
5.189395846756988284e+00 1.192967552155499997e-04
5.307566421799247536e+00 2.385935104310999994e-04
5.425736996841506787e+00 1.590623402873999996e-04
5.543907571883766039e+00 2.783590955029499993e-04
5.662078146926025290e+00 1.192967552155499997e-04
5.780248721968284542e+00 2.783590955029499993e-04
5.898419297010543794e+00 7.953117014369999981e-05
6.016589872052803045e+00 1.590623402873999996e-04
6.134760447095062297e+00 7.953117014369999981e-05
6.252931022137321548e+00 3.976558507184999990e-04
6.371101597179580800e+00 0.000000000000000000e+00
6.489272172221840052e+00 2.385935104310999994e-04
6.607442747264099303e+00 7.953117014369999981e-05
6.725613322306358555e+00 1.192967552155499997e-04
6.843783897348617806e+00 4.771870208621999988e-04
6.961954472390877058e+00 1.590623402873999996e-04
7.080125047433136309e+00 4.374214357903499989e-04
7.198295622475395561e+00 4.771870208621999988e-04
7.316466197517655701e+00 5.567181910058999986e-04
7.434636772559914952e+00 3.181246805747999992e-04
7.552807347602174204e+00 2.385935104310999994e-04
7.670977922644433455e+00 3.976558507184999990e-04
7.789148497686692707e+00 3.181246805747999992e-04
7.907319072728951959e+00 4.374214357903499989e-04
8.025489647771211210e+00 5.169526059340499987e-04
8.143660222813469574e+00 4.374214357903499989e-04
8.261830797855729713e+00 4.771870208621999988e-04
8.380001372897989853e+00 4.771870208621999988e-04
8.498171947940248216e+00 1.590623402873999996e-04
8.616342522982506580e+00 3.976558507184999990e-04
8.734513098024766720e+00 2.783590955029499993e-04
8.852683673067026859e+00 7.953117014369999981e-04
8.970854248109285223e+00 1.192967552155499997e-04
9.089024823151543586e+00 5.964837760777499985e-04
9.207195398193803726e+00 1.192967552155499997e-04
9.325365973236063866e+00 3.181246805747999992e-04
9.443536548278322229e+00 3.181246805747999992e-04
9.561707123320580592e+00 0.000000000000000000e+00
9.679877698362840732e+00 0.000000000000000000e+00
9.798048273405100872e+00 7.953117014369999981e-05
