# Time [Gyr]	  SFR [M_sol yr**-1]
4.803820139478841567e-01 7.555461163651499982e-04
5.603368521603090402e-01 1.232733137227350756e-03
6.402916903727339237e-01 1.352029892442901081e-03
7.202465285851588073e-01 2.187107178951753356e-03
8.002013667975836908e-01 4.652573453406460072e-03
8.801562050100085743e-01 3.459605901250956822e-03
9.601110432224334579e-01 2.863122125173205197e-03
1.040065881434858230e+00 4.652573453406460072e-03
1.120020719647283336e+00 8.470069620304056593e-03
1.199975557859707997e+00 7.356633238292267438e-03
1.279930396072133103e+00 1.153201967083644815e-02
1.359885234284557987e+00 1.089577030968686029e-02
1.439840072496982870e+00 1.105483264997425726e-02
1.519794910709407976e+00 3.777730581825757689e-03
1.599749748921832637e+00 7.396398823364117546e-03
1.679704587134257743e+00 2.743825369957654872e-03
1.759659425346682404e+00 2.067810423736203031e-03
1.839614263559107510e+00 5.726244250346412996e-03
1.919569101771532171e+00 5.925072175705663538e-03
1.999523939983957277e+00 2.385935104311003897e-03
2.079478778196381938e+00 4.453745528047209530e-03
2.159433616408806600e+00 5.885306590633813430e-03
2.239388454621231705e+00 4.254917602687958988e-03
2.319343292833656811e+00 3.499371486322806930e-03
2.399298131046081473e+00 1.133319174547720194e-02
2.479252969258506578e+00 8.112179354657413424e-03
2.559207807470931240e+00 3.976558507185008230e-03
2.639162645683356345e+00 3.578902656466507147e-03
2.719117483895781007e+00 2.505231859526554222e-03
2.799072322108205668e+00 1.534951583773397528e-02
2.879027160320630774e+00 2.385935104310999994e-04
2.958981998533055879e+00 1.359983009457260868e-02
3.038936836745480541e+00 5.885306590633813430e-03
3.118891674957905646e+00 9.146084566525499978e-04
3.198846513170330752e+00 2.028044838664352922e-03
3.278801351382755414e+00 1.025952094853727244e-02
3.358756189595180075e+00 0.000000000000000000e+00
3.438711027807605181e+00 1.192967552155499997e-04
3.518665866020030286e+00 1.073670796939950323e-03
3.598620704232454948e+00 1.192967552155499997e-04
3.678575542444879609e+00 2.226872764023603464e-03
3.758530380657304715e+00 1.749685743161402164e-03
3.838485218869729820e+00 3.578902656466499991e-04
3.918440057082154482e+00 5.050229304124961155e-03
3.998394895294579587e+00 7.157805312932999982e-04
4.078349733507004693e+00 5.328588399627911913e-03
4.158304571719429354e+00 3.578902656466499991e-04
4.238259409931854904e+00 7.953117014369999981e-05
4.318214248144279566e+00 8.788194300878850521e-03
4.398169086356704227e+00 1.431561062586601298e-03
4.478123924569128889e+00 3.976558507184999990e-04
4.558078762781554438e+00 1.033905211868100214e-03
4.638033600993979100e+00 1.352029892442901081e-03
4.717988439206403761e+00 1.153201967083650539e-03
4.797943277418829311e+00 1.153201967083650539e-03
4.877898115631253972e+00 4.493511113119059638e-03
4.957852953843678634e+00 5.567181910058999986e-04
5.037807792056103295e+00 0.000000000000000000e+00
5.117762630268527957e+00 3.976558507184999990e-04
5.197717468480953507e+00 2.942653295316905414e-03
5.277672306693378168e+00 3.976558507184999990e-05
5.357627144905802830e+00 3.976558507184999990e-05
5.437581983118228379e+00 2.823356540101355089e-03
5.517536821330653041e+00 0.000000000000000000e+00
5.597491659543077702e+00 0.000000000000000000e+00
5.677446497755502364e+00 0.000000000000000000e+00
5.757401335967927913e+00 1.192967552155499997e-04
5.837356174180352575e+00 2.783590955029499993e-04
5.917311012392777236e+00 0.000000000000000000e+00
5.997265850605202786e+00 2.067810423736203031e-03
