# Time [Gyr]	  SFR [M_sol yr**-1]
6.511924466200098571e-01 3.578924160418049650e-04
7.815203937602319684e-01 5.567215360650299696e-04
9.118483409004540796e-01 3.181265920371599749e-04
1.042176288040676191e+00 2.783607680325149848e-04
1.172504235180898302e+00 9.543797761114798705e-04
1.302832182321120413e+00 9.941456001161248605e-04
1.433160129461342525e+00 1.363967763359315993e-02
1.563488076601564636e+00 1.550867136181156240e-03
1.693816023741786747e+00 2.664310208311218998e-03
1.824143970882008858e+00 1.391803840162575846e-03
1.954471918022230970e+00 1.868993728218317028e-03
2.084799865162453081e+00 2.147354496250832717e-03
2.215127812302675192e+00 2.624544384306573899e-03
2.345455759442897303e+00 7.555506560882549200e-04
2.475783706583119415e+00 1.073677248125415058e-03
2.606111653723341526e+00 6.760190080789649399e-04
2.736439600863563637e+00 6.760190080789649399e-04
2.866767548003785748e+00 1.033911424120769959e-03
2.997095495144007860e+00 3.181265920371599749e-04
3.127423442284229971e+00 1.988291200232250046e-04
3.257751389424452082e+00 6.362531840743199498e-04
3.388079336564674193e+00 1.073677248125415058e-03
3.518407283704896304e+00 1.590632960185801338e-03
3.648735230845118416e+00 5.169557120603849795e-04
3.779063177985340527e+00 1.431569664167220944e-03
3.909391125125562638e+00 6.362531840743199498e-04
4.039719072265784305e+00 2.067822848241542520e-03
4.170047019406006861e+00 0.000000000000000000e+00
4.300374966546229416e+00 4.771898880557399352e-04
4.430702913686451083e+00 1.312272192153285649e-03
4.561030860826672750e+00 5.567215360650299696e-04
4.691358807966895306e+00 4.374240640510949451e-04
4.821686755107116973e+00 3.578924160418049650e-04
4.952014702247339528e+00 3.976582400464499551e-04
5.082342649387561195e+00 8.748481281021898903e-04
5.212670596527783751e+00 1.192974720139350109e-04
5.342998543668005418e+00 3.976582400464499551e-04
5.473326490808227973e+00 1.192974720139350109e-04
5.603654437948449640e+00 2.385949440278699947e-04
5.733982385088672196e+00 5.567215360650299696e-04
5.864310332228893863e+00 1.988291200232250046e-04
5.994638279369116418e+00 3.181265920371599749e-04
6.124966226509338085e+00 5.567215360650299696e-04
6.255294173649560641e+00 2.385949440278699947e-04
6.385622120789782308e+00 3.578924160418049650e-04
6.515950067930004863e+00 2.385949440278699947e-04
6.646278015070226530e+00 2.385949440278699947e-04
6.776605962210449086e+00 1.988291200232250046e-04
6.906933909350670753e+00 1.988291200232250046e-04
7.037261856490893308e+00 1.988291200232250046e-04
7.167589803631114975e+00 5.169557120603849795e-04
7.297917750771337531e+00 0.000000000000000000e+00
7.428245697911559198e+00 4.374240640510949451e-04
7.558573645051781753e+00 1.988291200232250046e-04
7.688901592192003420e+00 2.385949440278699947e-04
7.819229539332225976e+00 3.976582400464499551e-04
7.949557486472447643e+00 7.953164800929000727e-05
8.079885433612670198e+00 1.590632960185800145e-04
8.210213380752893642e+00 7.953164800929000727e-05
8.340541327893113532e+00 3.976582400464499551e-04
8.470869275033336976e+00 3.976582400464500364e-05
8.601197222173558643e+00 7.953164800929000727e-05
8.731525169313780310e+00 3.578924160418049650e-04
8.861853116454003754e+00 0.000000000000000000e+00
8.992181063594223644e+00 1.192974720139350109e-04
9.122509010734447088e+00 1.192974720139350109e-04
9.252836957874668755e+00 3.181265920371599749e-04
9.383164905014890422e+00 7.953164800929000727e-05
9.513492852155113866e+00 2.385949440278699947e-04
9.643820799295335533e+00 3.578924160418049650e-04
