# Time [Gyr]	  SFR [M_sol yr**-1]
9.603214671935114133e-01 1.988291200232250046e-04
1.072539627793847705e+00 7.953164800929000727e-05
1.184757788394183997e+00 3.976582400464500364e-05
1.296975948994520289e+00 2.783607680325149848e-04
1.409194109594856581e+00 7.953164800929000727e-05
1.521412270195192873e+00 3.181265920371599749e-04
1.633630430795529165e+00 3.976582400464499551e-04
1.745848591395865457e+00 5.567215360650299696e-04
1.858066751996201749e+00 1.988291200232250046e-04
1.970284912596538041e+00 5.169557120603849795e-04
2.082503073196874332e+00 1.192974720139350109e-04
2.194721233797210402e+00 3.181265920371599749e-04
2.306939394397546916e+00 1.192974720139350109e-04
2.419157554997883430e+00 2.385949440278699947e-04
2.531375715598219500e+00 2.783607680325149848e-04
2.643593876198555570e+00 1.590632960185800145e-04
2.755812036798892084e+00 1.988291200232250046e-04
2.868030197399228598e+00 1.988291200232250046e-04
2.980248357999564668e+00 3.578924160418049650e-04
3.092466518599901182e+00 0.000000000000000000e+00
3.204684679200237252e+00 0.000000000000000000e+00
3.316902839800573766e+00 0.000000000000000000e+00
3.429121000400909836e+00 0.000000000000000000e+00
3.541339161001246350e+00 0.000000000000000000e+00
3.653557321601582419e+00 0.000000000000000000e+00
3.765775482201918933e+00 3.976582400464500364e-05
3.877993642802255003e+00 0.000000000000000000e+00
3.990211803402591517e+00 0.000000000000000000e+00
4.102429964002928031e+00 0.000000000000000000e+00
4.214648124603263213e+00 0.000000000000000000e+00
4.326866285203600171e+00 0.000000000000000000e+00
4.439084445803937129e+00 0.000000000000000000e+00
4.551302606404272311e+00 0.000000000000000000e+00
4.663520767004609269e+00 0.000000000000000000e+00
4.775738927604945339e+00 7.953164800929000727e-05
4.887957088205281408e+00 2.783607680325149848e-04
5.000175248805618367e+00 3.976582400464500364e-05
5.112393409405954436e+00 0.000000000000000000e+00
5.224611570006290506e+00 0.000000000000000000e+00
5.336829730606627464e+00 0.000000000000000000e+00
5.449047891206962646e+00 0.000000000000000000e+00
5.561266051807299604e+00 0.000000000000000000e+00
5.673484212407635674e+00 0.000000000000000000e+00
5.785702373007971744e+00 0.000000000000000000e+00
5.897920533608308702e+00 3.976582400464500364e-05
6.010138694208644772e+00 7.953164800929000727e-05
6.122356854808980842e+00 3.976582400464500364e-05
6.234575015409317800e+00 3.976582400464500364e-05
6.346793176009652981e+00 3.976582400464500364e-05
6.459011336609989939e+00 2.385949440278699947e-04
6.571229497210326009e+00 3.976582400464500364e-05
6.683447657810662079e+00 1.192974720139350109e-04
6.795665818410999037e+00 1.590632960185800145e-04
6.907883979011335107e+00 7.953164800929000727e-05
7.020102139611671177e+00 7.953164800929000727e-05
7.132320300212008135e+00 7.953164800929000727e-05
7.244538460812343317e+00 1.590632960185800145e-04
7.356756621412680275e+00 0.000000000000000000e+00
7.468974782013016345e+00 3.976582400464500364e-05
7.581192942613352415e+00 7.953164800929000727e-05
7.693411103213689373e+00 3.976582400464500364e-05
7.805629263814025443e+00 3.976582400464500364e-05
7.917847424414361512e+00 3.976582400464500364e-05
8.030065585014698470e+00 7.953164800929000727e-05
8.142283745615033652e+00 7.953164800929000727e-05
8.254501906215370610e+00 7.953164800929000727e-05
8.366720066815705792e+00 0.000000000000000000e+00
8.478938227416042750e+00 7.953164800929000727e-05
8.591156388016379708e+00 3.976582400464500364e-05
8.703374548616714890e+00 7.953164800929000727e-05
