# Time [Gyr]	  SFR [M_sol yr**-1]
5.680329096410383638e-01 9.941456001161248605e-04
7.542655094281515149e-01 7.157848320836099299e-04
9.404981092152646660e-01 8.350823040975449002e-04
1.126730709002377928e+00 5.169557120603849795e-04
1.312963308789490968e+00 5.567215360650299696e-04
1.499195908576604008e+00 7.157848320836099299e-04
1.685428508363717270e+00 5.169557120603849795e-04
1.871661108150830310e+00 7.157848320836099299e-04
2.057893707937943795e+00 7.157848320836099299e-04
2.244126307725056613e+00 5.169557120603849795e-04
2.430358907512169875e+00 7.157848320836099299e-04
2.616591507299283137e+00 3.181265920371599749e-04
2.802824107086395955e+00 1.988291200232250046e-04
2.989056706873509217e+00 3.976582400464500364e-05
3.175289306660622479e+00 0.000000000000000000e+00
3.361521906447735297e+00 2.385949440278699947e-04
3.547754506234849003e+00 3.976582400464500364e-05
3.733987106021961822e+00 0.000000000000000000e+00
3.920219705809075528e+00 0.000000000000000000e+00
4.106452305596188346e+00 1.192974720139350109e-04
4.292684905383302052e+00 3.976582400464499551e-04
4.478917505170414870e+00 0.000000000000000000e+00
4.665150104957527688e+00 3.578924160418049650e-04
4.851382704744641394e+00 1.988291200232250046e-04
5.037615304531754212e+00 4.374240640510949451e-04
5.223847904318867919e+00 0.000000000000000000e+00
5.410080504105980737e+00 4.771898880557399352e-04
5.596313103893093555e+00 3.578924160418049650e-04
5.782545703680206373e+00 5.169557120603849795e-04
5.968778303467320079e+00 5.964873600696749597e-04
6.155010903254433785e+00 7.157848320836099299e-04
6.341243503041546603e+00 3.181265920371599749e-04
6.527476102828659421e+00 7.555506560882549200e-04
6.713708702615772239e+00 6.760190080789649399e-04
6.899941302402885945e+00 3.976582400464499551e-04
7.086173902189999652e+00 5.567215360650299696e-04
7.272406501977112470e+00 8.748481281021898903e-04
7.458639101764225288e+00 8.350823040975449002e-04
7.644871701551338106e+00 6.362531840743199498e-04
7.831104301338451812e+00 4.771898880557399352e-04
8.017336901125563742e+00 4.771898880557399352e-04
8.203569500912678336e+00 5.964873600696749597e-04
8.389802100699789378e+00 9.543797761114798705e-04
8.576034700486903972e+00 3.976582400464499551e-04
8.762267300274015014e+00 5.964873600696749597e-04
8.948499900061129608e+00 4.374240640510949451e-04
9.134732499848244203e+00 5.567215360650299696e-04
9.320965099635355244e+00 5.567215360650299696e-04
9.507197699422469839e+00 5.169557120603849795e-04
9.693430299209580880e+00 4.771898880557399352e-04
9.879662898996695475e+00 1.192974720139350109e-04
1.006589549878381007e+01 3.181265920371599749e-04
1.025212809857092111e+01 3.578924160418049650e-04
1.043836069835803571e+01 4.374240640510949451e-04
1.062459329814514675e+01 2.783607680325149848e-04
1.081082589793226134e+01 2.783607680325149848e-04
1.099705849771937416e+01 1.192974720139350109e-04
1.118329109750648698e+01 0.000000000000000000e+00
1.136952369729360157e+01 1.988291200232250046e-04
1.155575629708071261e+01 1.590632960185800145e-04
1.174198889686782721e+01 1.192974720139350109e-04
1.192822149665494003e+01 7.953164800929000727e-05
1.211445409644205284e+01 1.192974720139350109e-04
1.230068669622916744e+01 1.192974720139350109e-04
1.248691929601627848e+01 7.953164800929000727e-05
1.267315189580339307e+01 1.192974720139350109e-04
1.285938449559050589e+01 0.000000000000000000e+00
1.304561709537761871e+01 3.976582400464500364e-05
1.323184969516473330e+01 3.976582400464500364e-05
1.341808229495184435e+01 1.192974720139350109e-04
