# Time [Gyr]	  SFR [M_sol yr**-1]
4.895150785437658580e-01 6.879487552803566913e-03
6.500259975089939246e-01 3.419860864399475869e-03
8.105369164742218802e-01 1.188998137738879468e-02
9.710478354394498357e-01 4.887219770170977973e-02
1.131558754404677902e+00 3.129570349165607113e-02
1.292069673369905747e+00 1.805368409810882355e-02
1.452580592335133813e+00 4.978681165381664692e-02
1.613091511300361880e+00 2.497293747491729707e-02
1.773602430265589724e+00 2.672263373112173865e-02
1.934113349230817569e+00 2.055893101040154672e-02
2.094624268196045414e+00 2.481387417889871147e-02
2.255135187161273702e+00 2.596708307503345706e-02
2.415646106126501547e+00 3.463603270804636869e-02
2.576157025091729391e+00 3.077874777959567140e-02
2.736667944056957680e+00 2.847232998732618023e-02
2.897178863022185524e+00 2.743841856320537384e-02
3.057689781987413369e+00 3.197172249973505992e-02
3.218200700952641213e+00 2.028057024236902192e-02
3.378711619917869502e+00 9.782392705142627445e-03
3.539222538883097346e+00 1.340108268956529194e-02
3.699733457848325635e+00 4.056114048473795711e-03
3.860244376813553480e+00 7.794101504910394204e-03
4.020755295778781324e+00 4.811664704562044342e-03
4.181266214744010057e+00 1.185021555338415002e-02
4.341777133709237901e+00 4.294708992501663700e-03
4.502288052674465746e+00 6.601126784771054259e-03
4.662798971639693590e+00 1.280459532949562197e-02
4.823309890604921435e+00 9.344968641091536132e-03
4.983820809570149279e+00 9.583563585119404121e-03
5.144331728535378012e+00 7.078316672826790237e-03
5.304842647500605857e+00 8.828012929031155490e-03
5.465353566465833701e+00 3.737987456436636657e-03
5.625864485431061546e+00 5.328620416622424985e-03
5.786375404396289390e+00 2.743841856320509195e-03
5.946886323361517235e+00 1.670164608195091535e-03
6.107397242326745967e+00 1.709930432199736634e-03
6.267908161291973812e+00 2.942670976343734687e-03
6.428419080257201657e+00 3.380095040394830771e-03
6.588929999222429501e+00 1.749696256204381732e-03
6.749440918187657346e+00 1.312272192153285649e-03
6.909951837152885190e+00 1.829227904213671929e-03
7.070462756118113035e+00 1.153208896134705255e-03
7.230973675083341767e+00 1.550867136181156240e-03
7.391484594048569612e+00 1.352038016157930747e-03
7.551995513013797456e+00 1.511101312176511141e-03
7.712506431979025301e+00 3.022202624353024884e-03
7.873017350944253145e+00 2.505246912292638604e-03
8.033528269909481878e+00 1.192974720139350353e-03
8.194039188874707946e+00 6.760190080789649399e-04
8.354550107839937567e+00 3.061968448357669983e-03
8.515061026805163635e+00 1.272506368148640550e-03
8.675571945770393256e+00 1.113443072130060156e-03
8.836082864735619324e+00 3.181265920371599749e-04
8.996593783700848945e+00 0.000000000000000000e+00
9.157104702666075013e+00 7.953164800929000727e-05
9.317615621631304634e+00 3.976582400464500364e-05
9.478126540596530702e+00 7.953164800929000727e-05
9.638637459561760323e+00 7.953164800929000727e-05
9.799148378526989944e+00 3.976582400464500364e-05
9.959659297492216012e+00 1.988291200232250046e-04
1.012017021645744563e+01 0.000000000000000000e+00
1.028068113542267170e+01 7.953164800929000727e-05
1.044119205438790132e+01 0.000000000000000000e+00
1.060170297335312739e+01 1.590632960185800145e-04
1.076221389231835701e+01 0.000000000000000000e+00
1.092272481128358308e+01 1.988291200232250046e-04
1.108323573024881270e+01 0.000000000000000000e+00
1.124374664921403877e+01 7.953164800929000727e-05
1.140425756817926839e+01 0.000000000000000000e+00
1.156476848714449446e+01 3.976582400464500364e-05
