# Time [Gyr]	  SFR [M_sol yr**-1]
6.458172030473903202e-01 8.748481281021898903e-04
7.502431036600665237e-01 3.181265920371599749e-04
8.546690042727425052e-01 5.169557120603849795e-04
9.590949048854185977e-01 1.192974720139350353e-03
1.063520805498094690e+00 1.312272192153285649e-03
1.167946706110770894e+00 2.107588672246187619e-03
1.272372606723446875e+00 2.107588672246187619e-03
1.376798507336122857e+00 1.352038016157930747e-03
1.481224407948798838e+00 2.187120320255477816e-03
1.585650308561475041e+00 2.664310208311218998e-03
1.690076209174151245e+00 1.550867136181156240e-03
1.794502109786827226e+00 2.107588672246187619e-03
1.898928010399503208e+00 1.391803840162575846e-03
2.003353911012179633e+00 2.704076032315864096e-03
2.107779811624855615e+00 1.352038016157930747e-03
2.212205712237531596e+00 2.028057024236897422e-03
2.316631612850207578e+00 1.749696256204381732e-03
2.421057513462883559e+00 1.232740544143995452e-03
2.525483414075559541e+00 1.550867136181156240e-03
2.629909314688235522e+00 1.590632960185800145e-04
2.734335215300911948e+00 2.028057024236897422e-03
2.838761115913588373e+00 0.000000000000000000e+00
2.943187016526264355e+00 0.000000000000000000e+00
3.047612917138940336e+00 3.976582400464499551e-04
3.152038817751616318e+00 3.578924160418049650e-04
3.256464718364292299e+00 4.374240640510949451e-04
3.360890618976968280e+00 4.374240640510949451e-04
3.465316519589644262e+00 5.964873600696749597e-04
3.569742420202320243e+00 3.976582400464500364e-05
3.674168320814996669e+00 6.362531840743199498e-04
3.778594221427673094e+00 7.953164800929000727e-05
3.883020122040349076e+00 2.783607680325149848e-04
3.987446022653025057e+00 2.783607680325149848e-04
4.091871923265701483e+00 4.771898880557399352e-04
4.196297823878376576e+00 3.976582400464500364e-05
4.300723724491053446e+00 2.783607680325149848e-04
4.405149625103728539e+00 1.590632960185800145e-04
4.509575525716405409e+00 0.000000000000000000e+00
4.614001426329080502e+00 0.000000000000000000e+00
4.718427326941757372e+00 1.988291200232250046e-04
4.822853227554432465e+00 0.000000000000000000e+00
4.927279128167109334e+00 2.385949440278699947e-04
5.031705028779786204e+00 0.000000000000000000e+00
5.136130929392461297e+00 2.783607680325149848e-04
5.240556830005138167e+00 0.000000000000000000e+00
5.344982730617813260e+00 0.000000000000000000e+00
5.449408631230490130e+00 3.976582400464500364e-05
5.553834531843165223e+00 3.976582400464500364e-05
5.658260432455842093e+00 1.192974720139350109e-04
5.762686333068517186e+00 3.976582400464500364e-05
5.867112233681194056e+00 3.976582400464500364e-05
5.971538134293870925e+00 0.000000000000000000e+00
6.075964034906546019e+00 0.000000000000000000e+00
6.180389935519222888e+00 1.192974720139350109e-04
6.284815836131897981e+00 0.000000000000000000e+00
6.389241736744574851e+00 0.000000000000000000e+00
6.493667637357249944e+00 0.000000000000000000e+00
6.598093537969926814e+00 1.192974720139350109e-04
6.702519438582601907e+00 0.000000000000000000e+00
6.806945339195278777e+00 7.953164800929000727e-05
6.911371239807955646e+00 3.976582400464500364e-05
7.015797140420630740e+00 3.976582400464500364e-05
7.120223041033307609e+00 3.976582400464500364e-05
7.224648941645982703e+00 7.953164800929000727e-05
7.329074842258659572e+00 0.000000000000000000e+00
7.433500742871334666e+00 0.000000000000000000e+00
7.537926643484011535e+00 0.000000000000000000e+00
7.642352544096686628e+00 7.953164800929000727e-05
7.746778444709363498e+00 0.000000000000000000e+00
7.851204345322040368e+00 1.192974720139350109e-04
