# Time [Gyr]	  SFR [M_sol yr**-1]
3.365859601739510376e-01 2.465481088287993505e-03
5.010050362174339744e-01 7.475974912873236886e-03
6.654241122609168002e-01 5.527449536645648309e-03
8.298431883043997370e-01 5.169557120603846326e-03
9.942622643478826738e-01 4.771898880557399678e-03
1.158681340391365611e+00 2.346183616274058210e-03
1.323100416434848547e+00 2.187120320255477816e-03
1.487519492478331262e+00 3.698221632431991559e-03
1.651938568521814421e+00 4.016348224469151046e-03
1.816357644565297136e+00 3.260797568380895475e-03
1.980776720608780295e+00 2.346183616274058210e-03
2.145195796652263009e+00 2.465481088287993505e-03
2.309614872695745724e+00 1.312272192153285649e-03
2.474033948739228883e+00 1.709930432199736634e-03
2.638453024782712042e+00 1.312272192153285649e-03
2.802872100826194757e+00 1.232740544143995452e-03
2.967291176869677471e+00 2.346183616274058210e-03
3.131710252913160630e+00 1.232740544143995452e-03
3.296129328956643345e+00 7.953164800928999101e-04
3.460548405000126060e+00 1.153208896134705255e-03
3.624967481043609219e+00 2.584778560301928801e-03
3.789386557087092378e+00 1.113443072130060156e-03
3.953805633130575092e+00 7.953164800928999101e-04
4.118224709174057807e+00 1.113443072130060156e-03
4.282643785217540966e+00 1.192974720139350353e-03
4.447062861261024125e+00 1.550867136181156240e-03
4.611481937304507284e+00 1.192974720139350353e-03
4.775901013347989554e+00 1.829227904213671929e-03
4.940320089391472713e+00 3.499392512408766066e-03
5.104739165434955872e+00 8.748481281021898903e-04
5.269158241478438143e+00 2.545012736297283702e-03
5.433577317521921302e+00 1.511101312176511141e-03
5.597996393565404460e+00 7.953164800928999101e-04
5.762415469608887619e+00 1.590632960185801338e-03
5.926834545652369890e+00 2.385949440278699947e-04
6.091253621695853049e+00 7.555506560882549200e-04
6.255672697739336208e+00 1.988291200232250046e-04
6.420091773782818478e+00 5.964873600696749597e-04
6.584510849826301637e+00 9.146139521068348804e-04
6.748929925869784796e+00 7.953164800928999101e-04
6.913349001913267955e+00 9.146139521068348804e-04
7.077768077956750226e+00 8.350823040975449002e-04
7.242187154000233384e+00 1.153208896134705255e-03
7.406606230043716543e+00 9.941456001161248605e-04
7.571025306087198814e+00 1.113443072130060156e-03
7.735444382130681973e+00 1.192974720139350353e-03
7.899863458174165132e+00 9.543797761114798705e-04
8.064282534217646514e+00 1.272506368148640550e-03
8.228701610261129673e+00 9.543797761114798705e-04
8.393120686304612832e+00 7.953164800928999101e-04
8.557539762348095991e+00 5.567215360650299696e-04
8.721958838391579150e+00 7.555506560882549200e-04
8.886377914435062308e+00 5.567215360650299696e-04
9.050796990478545467e+00 4.771898880557399352e-04
9.215216066522026850e+00 4.374240640510949451e-04
9.379635142565510009e+00 3.976582400464499551e-04
9.544054218608993168e+00 2.783607680325149848e-04
9.708473294652476326e+00 3.181265920371599749e-04
9.872892370695959485e+00 2.385949440278699947e-04
1.003731144673944264e+01 3.181265920371599749e-04
1.020173052278292403e+01 1.590632960185800145e-04
1.036614959882640719e+01 3.578924160418049650e-04
1.053056867486989034e+01 1.590632960185800145e-04
1.069498775091337350e+01 1.192974720139350109e-04
1.085940682695685666e+01 0.000000000000000000e+00
1.102382590300033982e+01 0.000000000000000000e+00
1.118824497904382298e+01 7.953164800929000727e-05
1.135266405508730614e+01 0.000000000000000000e+00
1.151708313113078752e+01 7.953164800929000727e-05
1.168150220717427068e+01 7.953164800929000727e-05
