# Time [Gyr]	  SFR [M_sol yr**-1]
7.213889093588574664e-01 1.352038016157930747e-03
9.012001145322665607e-01 1.550867136181156240e-03
1.081011319705675877e+00 1.670164608195091535e-03
1.260822524879084972e+00 5.606981184654937639e-03
1.440633730052494288e+00 4.692367232548110348e-03
1.620444935225903382e+00 1.185021555338415002e-02
1.800256140399312699e+00 8.311057216970774847e-03
1.980067345572721793e+00 7.992930624933617528e-03
2.159878550746131332e+00 7.197614144840724232e-03
2.339689755919540204e+00 1.224787379343059666e-02
2.519500961092949520e+00 1.228763961743524133e-02
2.699312166266358837e+00 5.169557120603846326e-03
2.879123371439767709e+00 3.539158336413411165e-03
3.058934576613177025e+00 2.346183616274058210e-03
3.238745781786586342e+00 3.101734272362315081e-03
3.418556986959995214e+00 4.732133056552755013e-03
3.598368192133404975e+00 4.692367232548110348e-03
3.778179397306813847e+00 6.879487552803566913e-03
3.957990602480223163e+00 3.777753280441281756e-03
4.137801807653632480e+00 4.652601408543465683e-03
4.317613012827041352e+00 8.390588864980064177e-03
4.497424218000450225e+00 3.857284928450571953e-03
4.677235423173859985e+00 3.936816576459861716e-03
4.857046628347269746e+00 3.022202624353024884e-03
5.036857833520677730e+00 2.385949440278703308e-03
5.216669038694087490e+00 9.146139521068348804e-04
5.396480243867497251e+00 1.312272192153285649e-03
5.576291449040905235e+00 8.748481281021898903e-04
5.756102654214314995e+00 2.704076032315864096e-03
5.935913859387724756e+00 2.783607680325154293e-03
6.115725064561133628e+00 1.352038016157930747e-03
6.295536269734542500e+00 2.545012736297283702e-03
6.475347474907952261e+00 1.908759552222962126e-03
6.655158680081361133e+00 3.300563392385540574e-03
6.834969885254770006e+00 3.777753280441281756e-03
7.014781090428179766e+00 3.419860864399475869e-03
7.194592295601589527e+00 2.664310208311218998e-03
7.374403500774997511e+00 1.272506368148640550e-03
7.554214705948407271e+00 1.113443072130060156e-03
7.734025911121817032e+00 1.829227904213671929e-03
7.913837116295225904e+00 2.346183616274058210e-03
8.093648321468634776e+00 9.146139521068348804e-04
8.273459526642042761e+00 1.550867136181156240e-03
8.453270731815454297e+00 1.073677248125415058e-03
8.633081936988862282e+00 1.113443072130060156e-03
8.812893142162272042e+00 1.073677248125415058e-03
8.992704347335681803e+00 2.425715264283348407e-03
9.172515552509089787e+00 8.350823040975449002e-04
9.352326757682499547e+00 1.511101312176511141e-03
9.532137962855909308e+00 1.749696256204381732e-03
9.711949168029317292e+00 1.232740544143995452e-03
9.891760373202727052e+00 6.362531840743199498e-04
1.007157157837613681e+01 8.748481281021898903e-04
1.025138278354954480e+01 2.783607680325149848e-04
1.043119398872295456e+01 1.590632960185800145e-04
1.061100519389636432e+01 4.374240640510949451e-04
1.079081639906977230e+01 1.192974720139350109e-04
1.097062760424318206e+01 3.976582400464499551e-04
1.115043880941659182e+01 3.976582400464499551e-04
1.133025001458999981e+01 3.976582400464499551e-04
1.151006121976340957e+01 3.578924160418049650e-04
1.168987242493681933e+01 4.374240640510949451e-04
1.186968363011022731e+01 1.988291200232250046e-04
1.204949483528363707e+01 1.590632960185800145e-04
1.222930604045704683e+01 1.192974720139350109e-04
1.240911724563045482e+01 4.374240640510949451e-04
1.258892845080386458e+01 1.988291200232250046e-04
1.276873965597727434e+01 1.590632960185800145e-04
1.294855086115068232e+01 3.976582400464499551e-04
1.312836206632409208e+01 2.385949440278699947e-04
