# Time [Gyr]	  SFR [M_sol yr**-1]
5.035122867418208026e-01 2.346183616274058210e-03
6.751825042643730956e-01 7.953164800929000727e-05
8.468527217869252777e-01 1.988291200232250046e-04
1.018522939309477682e+00 0.000000000000000000e+00
1.190193156832029864e+00 7.953164800929000727e-05
1.361863374354582046e+00 0.000000000000000000e+00
1.533533591877134228e+00 1.590632960185800145e-04
1.705203809399686632e+00 3.976582400464500364e-05
1.876874026922238814e+00 7.953164800929000727e-05
2.048544244444791218e+00 1.590632960185800145e-04
2.220214461967343844e+00 1.192974720139350109e-04
2.391884679489895582e+00 2.783607680325149848e-04
2.563554897012448208e+00 2.385949440278699947e-04
2.735225114535000390e+00 1.590632960185801338e-03
2.906895332057552572e+00 7.953164800928999101e-04
3.078565549580105198e+00 5.567215360650299696e-04
3.250235767102656936e+00 4.771898880557399352e-04
3.421905984625209562e+00 4.771898880557399352e-04
3.593576202147761744e+00 0.000000000000000000e+00
3.765246419670313927e+00 1.192974720139350109e-04
3.936916637192866553e+00 2.385949440278699947e-04
4.108586854715418291e+00 1.590632960185800145e-04
4.280257072237970917e+00 2.783607680325149848e-04
4.451927289760522655e+00 1.192974720139350109e-04
4.623597507283074393e+00 1.988291200232250046e-04
4.795267724805627019e+00 1.590632960185800145e-04
4.966937942328179645e+00 2.783607680325149848e-04
5.138608159850731383e+00 1.192974720139350109e-04
5.310278377373284009e+00 1.988291200232250046e-04
5.481948594895836635e+00 1.590632960185800145e-04
5.653618812418388373e+00 1.590632960185800145e-04
5.825289029940940111e+00 1.988291200232250046e-04
5.996959247463493625e+00 1.192974720139350109e-04
6.168629464986045363e+00 7.953164800929000727e-05
6.340299682508597101e+00 1.192974720139350109e-04
6.511969900031149727e+00 3.976582400464500364e-05
6.683640117553702353e+00 1.192974720139350109e-04
6.855310335076254091e+00 1.192974720139350109e-04
7.026980552598806717e+00 7.953164800929000727e-05
7.198650770121359344e+00 1.192974720139350109e-04
7.370320987643911081e+00 1.192974720139350109e-04
7.541991205166462819e+00 3.976582400464500364e-05
7.713661422689016334e+00 3.976582400464500364e-05
7.885331640211568072e+00 7.953164800929000727e-05
8.057001857734119810e+00 7.953164800929000727e-05
8.228672075256671548e+00 7.953164800929000727e-05
8.400342292779225062e+00 7.953164800929000727e-05
8.572012510301778576e+00 7.953164800929000727e-05
8.743682727824330314e+00 1.192974720139350109e-04
8.915352945346882052e+00 7.953164800929000727e-05
9.087023162869435566e+00 7.953164800929000727e-05
9.258693380391985528e+00 7.953164800929000727e-05
9.430363597914539042e+00 1.192974720139350109e-04
9.602033815437092557e+00 3.976582400464500364e-05
9.773704032959642518e+00 1.590632960185800145e-04
9.945374250482196032e+00 1.988291200232250046e-04
1.011704446800474955e+01 1.988291200232250046e-04
1.028871468552729951e+01 1.988291200232250046e-04
1.046038490304985302e+01 2.783607680325149848e-04
1.063205512057240654e+01 2.385949440278699947e-04
1.080372533809495650e+01 1.192974720139350109e-04
1.097539555561751001e+01 1.988291200232250046e-04
1.114706577314006175e+01 1.192974720139350109e-04
1.131873599066261349e+01 1.192974720139350109e-04
1.149040620818516700e+01 1.590632960185800145e-04
1.166207642570771874e+01 1.590632960185800145e-04
1.183374664323027048e+01 1.988291200232250046e-04
1.200541686075282399e+01 1.192974720139350109e-04
1.217708707827537395e+01 1.192974720139350109e-04
1.234875729579792747e+01 1.192974720139350109e-04
