# Time [Gyr]	  SFR [M_sol yr**-1]
2.986227528064854253e-01 1.192974720139350109e-04
3.652297375883161723e-01 0.000000000000000000e+00
4.318367223701469748e-01 5.964873600696749597e-04
4.984437071519777218e-01 1.670164608195091535e-03
5.650506919338085243e-01 1.192974720139350353e-03
6.316576767156393268e-01 1.033911424120769959e-03
6.982646614974700183e-01 1.192974720139350353e-03
7.648716462793008208e-01 1.590632960185801338e-03
8.314786310611316233e-01 9.941456001161248605e-04
8.980856158429624259e-01 7.555506560882549200e-04
9.646926006247932284e-01 8.748481281021898903e-04
1.031299585406623809e+00 5.169557120603849795e-04
1.097906570188454722e+00 9.146139521068348804e-04
1.164513554970285636e+00 5.567215360650299696e-04
1.231120539752116105e+00 7.953164800929000727e-05
1.297727524533947019e+00 3.976582400464499551e-04
1.364334509315777932e+00 8.350823040975449002e-04
1.430941494097608624e+00 1.988291200232250046e-04
1.497548478879439315e+00 5.169557120603849795e-04
1.564155463661270229e+00 3.976582400464499551e-04
1.630762448443101142e+00 8.350823040975449002e-04
1.697369433224931612e+00 1.988291200232250046e-04
1.763976418006762525e+00 1.033911424120769959e-03
1.830583402788593439e+00 2.783607680325149848e-04
1.897190387570423908e+00 9.146139521068348804e-04
1.963797372352254822e+00 3.181265920371599749e-04
2.030404357134085735e+00 3.976582400464499551e-04
2.097011341915916205e+00 7.157848320836099299e-04
2.163618326697746674e+00 3.976582400464500364e-05
2.230225311479578032e+00 5.964873600696749597e-04
2.296832296261408501e+00 3.976582400464500364e-05
2.363439281043238971e+00 4.771898880557399352e-04
2.430046265825070329e+00 3.976582400464500364e-05
2.496653250606900798e+00 1.590632960185800145e-04
2.563260235388731267e+00 1.988291200232250046e-04
2.629867220170562625e+00 0.000000000000000000e+00
2.696474204952393094e+00 3.181265920371599749e-04
2.763081189734223564e+00 7.953164800929000727e-05
2.829688174516054922e+00 3.181265920371599749e-04
2.896295159297885391e+00 7.953164800929000727e-05
2.962902144079716305e+00 1.988291200232250046e-04
3.029509128861547218e+00 1.192974720139350109e-04
3.096116113643377687e+00 1.192974720139350109e-04
3.162723098425208601e+00 7.953164800929000727e-05
3.229330083207039515e+00 1.590632960185800145e-04
3.295937067988869984e+00 0.000000000000000000e+00
3.362544052770700898e+00 2.385949440278699947e-04
3.429151037552531811e+00 7.953164800929000727e-05
3.495758022334362281e+00 1.192974720139350109e-04
3.562365007116193194e+00 7.953164800929000727e-05
3.628971991898024108e+00 3.976582400464500364e-05
3.695578976679854577e+00 3.976582400464500364e-05
3.762185961461685491e+00 1.988291200232250046e-04
3.828792946243516404e+00 3.976582400464500364e-05
3.895399931025346874e+00 3.578924160418049650e-04
3.962006915807177787e+00 0.000000000000000000e+00
4.028613900589008701e+00 1.192974720139350109e-04
4.095220885370839170e+00 7.953164800929000727e-05
4.161827870152670528e+00 7.953164800929000727e-05
4.228434854934501885e+00 7.953164800929000727e-05
4.295041839716331467e+00 2.385949440278699947e-04
4.361648824498162824e+00 0.000000000000000000e+00
4.428255809279993294e+00 1.988291200232250046e-04
4.494862794061823763e+00 3.976582400464500364e-05
4.561469778843655121e+00 3.976582400464500364e-05
4.628076763625485590e+00 1.192974720139350109e-04
4.694683748407316060e+00 3.976582400464500364e-05
4.761290733189147417e+00 2.385949440278699947e-04
4.827897717970977887e+00 3.976582400464500364e-05
4.894504702752808356e+00 2.783607680325149848e-04
