# Time [Gyr]	  SFR [M_sol yr**-1]
1.700501994765920788e+00 1.988291200232250046e-04
1.801488712082421451e+00 1.192974720139350109e-04
1.902475429398922557e+00 3.181265920371599749e-04
2.003462146715423664e+00 1.988291200232250046e-04
2.104448864031924327e+00 7.953164800929000727e-05
2.205435581348425433e+00 1.590632960185800145e-04
2.306422298664926540e+00 3.976582400464500364e-05
2.407409015981427203e+00 1.988291200232250046e-04
2.508395733297928309e+00 1.590632960185800145e-04
2.609382450614428972e+00 4.374240640510949451e-04
2.710369167930930079e+00 3.976582400464499551e-04
2.811355885247431186e+00 3.181265920371599749e-04
2.912342602563931848e+00 6.760190080789649399e-04
3.013329319880432955e+00 1.590632960185800145e-04
3.114316037196934062e+00 5.567215360650299696e-04
3.215302754513434724e+00 1.391803840162575846e-03
3.316289471829935831e+00 5.169557120603849795e-04
3.417276189146436494e+00 3.976582400464500364e-05
3.518262906462937600e+00 3.976582400464500364e-05
3.619249623779438707e+00 3.181265920371599749e-04
3.720236341095939370e+00 3.976582400464500364e-05
3.821223058412440476e+00 5.567215360650299696e-04
3.922209775728941139e+00 0.000000000000000000e+00
4.023196493045442246e+00 3.976582400464500364e-05
4.124183210361943352e+00 2.385949440278699947e-04
4.225169927678444459e+00 3.976582400464500364e-05
4.326156644994945566e+00 2.385949440278699947e-04
4.427143362311445784e+00 1.192974720139350109e-04
4.528130079627946891e+00 3.976582400464500364e-05
4.629116796944447998e+00 2.783607680325149848e-04
4.730103514260949105e+00 2.783607680325149848e-04
4.831090231577450211e+00 7.953164800929000727e-05
4.932076948893950430e+00 6.760190080789649399e-04
5.033063666210451537e+00 0.000000000000000000e+00
5.134050383526952643e+00 0.000000000000000000e+00
5.235037100843453750e+00 2.385949440278699947e-04
5.336023818159954857e+00 7.953164800929000727e-05
5.437010535476455075e+00 3.976582400464500364e-05
5.537997252792956182e+00 0.000000000000000000e+00
5.638983970109457289e+00 0.000000000000000000e+00
5.739970687425957507e+00 2.385949440278699947e-04
5.840957404742459502e+00 0.000000000000000000e+00
5.941944122058959721e+00 0.000000000000000000e+00
6.042930839375461716e+00 7.953164800929000727e-05
6.143917556691961934e+00 7.953164800929000727e-05
6.244904274008463041e+00 1.192974720139350109e-04
6.345890991324964148e+00 0.000000000000000000e+00
6.446877708641464366e+00 0.000000000000000000e+00
6.547864425957966361e+00 1.192974720139350109e-04
6.648851143274466580e+00 0.000000000000000000e+00
6.749837860590967686e+00 3.578924160418049650e-04
6.850824577907468793e+00 7.953164800929000727e-05
6.951811295223969012e+00 1.590632960185800145e-04
7.052798012540471007e+00 3.976582400464500364e-05
7.153784729856971225e+00 1.590632960185800145e-04
7.254771447173473220e+00 3.976582400464500364e-05
7.355758164489973439e+00 7.953164800929000727e-05
7.456744881806473657e+00 1.192974720139350109e-04
7.557731599122975652e+00 7.953164800929000727e-05
7.658718316439475871e+00 3.976582400464500364e-05
7.759705033755977865e+00 3.181265920371599749e-04
7.860691751072478084e+00 7.953164800929000727e-05
7.961678468388978303e+00 0.000000000000000000e+00
8.062665185705480297e+00 3.976582400464500364e-05
8.163651903021982292e+00 3.976582400464500364e-05
8.264638620338480735e+00 7.953164800929000727e-05
8.365625337654982729e+00 0.000000000000000000e+00
8.466612054971484724e+00 2.385949440278699947e-04
8.567598772287983167e+00 7.953164800929000727e-05
8.668585489604485161e+00 7.953164800929000727e-05
